Href, ImageUrl, Title, Rating, NumRatings, DataSupplier, DataAuthor, DataPublisher, DataPublishYear, DataSize, DataBookLayout, Des, DataQtyOfPage, Cate0, Cate1, Cate2, Cate3, PriceSpecial, PriceOld
https://www.fahasa.com/than-dong-dat-viet-32-noi-oan-xa-bac.html https://cdn0.fahasa.com/media/catalog/product/i/m/image_193598.jpg "

					Thần Đồng Đất Việt - Tập 32: Nỗi Oan Xã Bạc				" "5.0" "(1 đánh giá)" "null" "
				    Nhiều Tác Giả				" "
				    NXB Thời Đại				" "
				    06-2011				" "
				    18 x 11				" "
				    Bìa Mềm				" "
Thần Đồng Đất Việt 32 - Nỗi Oan Xã BạcNăm lần bảy lượt phá hoại ruộng dưa của Tám Tiền, đổ oan cho người vô tội, ai mà to gan thế?Nhưng… đụng đến thần đồng, liệu có yên thân?Hãy xem tài xử án của Án Sát Nguyễn Khoa Đăng! 
" "
				    112				" "Sách tiếng Việt" "Manga - Comic" "Comic - Truyện Tranh" "Truyện Tranh Việt Nam" "9.000 đ" "10.000 đ"
https://www.fahasa.com/than-dong-dat-viet-72-pho-ma-ti-hon.html https://cdn0.fahasa.com/media/catalog/product/i/m/image_60065.jpg "

					Thần Đồng Đất Việt - Tập 72: Phò Mã Tí Hon				" "" "(0 đánh giá)" "null" "
				    Nhiều Tác Giả				" "
				    NXB Đại Học Sư Phạm				" "
				    05-2013				" "
				    18 x 11				" "
				    Bìa Mềm				" "
Thần Đồng Đất Việt 72 - Phò Mã Tí HonThoát chết trong gang tấc, ân nhân giấu mặt là ai?Từ chối ngôi phò mã, bao công lao không đủ xóa tội này!Cười vui với chuyện về Kỳ Đồng Nguyễn Văn Cẩm! 
" "
				    112				" "Sách tiếng Việt" "Manga - Comic" "Comic - Truyện Tranh" "Truyện Tranh Việt Nam" "9.000 đ" "10.000 đ"
https://www.fahasa.com/than-dong-dat-viet-39-vu-an-ga-con.html https://cdn0.fahasa.com/media/catalog/product/8/9/8936054081837.jpg "

					Thần Đồng Đất Việt - Tập 39: Vụ Án Gà Con				" "" "(0 đánh giá)" "null" "
				    Nhiều Tác Giả				" "
				    NXB Văn Hoá Sài Gòn				" "
				    2012				" "
				    18 x 11 x 0.5 cm				" "
				    Bìa Mềm				" "
Thần Đồng Đất Việt 39 - Vụ Án Gà Con
Bà Tám mất gà, cả làng một phen đinh tai nhức óc! Dùng mưu phân xử, kẻ trộm lập tức lòi đuôi! Lại là quan Án sát Nguyễn Mại - “Bao Công tái thế” - tài tình xử vụ án trộm gà! 
" "
				    112				" "Sách tiếng Việt" "Manga - Comic" "Comic - Truyện Tranh" "Truyện Tranh Việt Nam" "9.000 đ" "10.000 đ"
https://www.fahasa.com/mua-he-bat-tan.html https://cdn0.fahasa.com/media/catalog/product/z/2/z2576077739018_6fb80afd17599a346970421fee46878a.jpg "

					Mùa Hè Bất Tận				" "" "(0 đánh giá)" "null" "
				    Lâm Hoàng Trúc				" "
				    NXB Thanh Niên				" "
				    2021				" "null" "
				    Bìa Mềm				" "
Mùa Hè Bất Tận- Tuổi mới lớn ùa về qua nét vẽ tinh tế
Mùa Hè Bất Tận của tác giả Lâm Hoàng Trúc, do NXB Thanh Niên, Du Bút kết hợp cùng June Comics phát hành là ấn bản truyện tranh hiếm hoi khai thác tâm hồn tuổi mới lớn dưới lăng kính không chỉ có mộng mơ.
Ba năm sau Đường Hoa (2018), tác giả Lâm Hoàng Trúc trở lại với tác phẩm mới đánh dấu bước trưởng thành vượt bậc trong cả nét vẽ lẫn nội dung thể hiện. Mùa Hè Bất Tận là câu chuyện của hai đứa trẻ cùng tên Phương đang bước vào năm học cuối cùng của cấp hai. Những tâm tư của chúng tưởng như đơn thuần, chỉ xoay quanh thế giới nhỏ bé của tuổi thiếu niên, như chuyện học hành thi cử, những kỳ vọng của mẹ cha, hay những rung động đầu đời. Nhưng kỳ thực, đó lại là một quá trình trút bỏ vỏ kén đầy đau đớn để cả hai tìm kiếm bản ngã của chính mình ở ngưỡng cửa trưởng thành.
Mùa Hè Bất Tận là tập truyện tranh đầu tiên tại Việt Nam thể hiện rõ tinh thần của thể loại coming of age. Đây là thể loại xoay quanh quá trình các nhân vật chuyển mình từ một đứa trẻ thành người lớn, cho ta thấy cách họ đối mặt với khó khăn, vui buồn, cách họ phản ứng trước những biến cố trong đời, và lớn lên từ những lần vấp ngã như thế nào. Mùa Hè Bất Tận đã không chỉ khơi dậy sự đồng cảm từ bạn đọc cùng trang lứa với nhân vật mà còn khiến các độc giả từng trải qua tuổi thiếu niên bồi hồi liên tưởng tới chính mình trong quá khứ.
Nếu trong Đường Hoa Lâm Hoàng Trúc men theo chiều dài nhân sinh bằng giọng kể, đường bút lạc quan, tươi sáng, thì với Mùa Hè Bất Tận nữ tác giả trẻ chỉ chọn một lát cắt cuộc sống và khắc sâu những chiêm nghiệm của nó lên hơn hai trăm trang truyện. Lâm Hoàng Trúc lấy cảm hứng từ chính trải nghiệm của mình để phác nên chân dung hai cô cậu bé mới ở tuổi ăn tuổi học nhưng đã sớm phải nếm trải những áp lực lớn hơn lứa tuổi ngây thơ. Những trăn trở rất hiện sinh của hai đứa trẻ về cuộc sống và cái chết, về lẽ tồn tại được thể hiện chân thành và sống động, dễ dàng làm rung động người đọc.
Bằng nét vẽ đạt độ tinh tế cao, Lâm Hoàng Trúc đã tái hiện một không gian trường lớp và gia đình hết sức gần gũi của Việt Nam. Độc giả sẽ bắt gặp hình ảnh quen thuộc của cây phượng đổ bóng sân trường, hay con hẻm nhỏ lộn xộn mà yên tĩnh giữa trưa hè, được Lâm Hoàng Trúc thể hiện chân thực và chăm chút tới từng chi tiết nhỏ. Tất cả trang vẽ đều được phác thảo bằng chì rồi đi mực công phu trên khổ giấy A3, chủ yếu sử dụng các mảng đen trắng tương phản cao, tạo cảm xúc sâu lắng cho một tác phẩm giàu chất liệu chiêm nghiệm.
Tách khỏi ảnh hưởng của truyện tranh Nhật Bản, Lâm Hoàng Trúc theo đuổi phong cách riêng cho câu chuyện mình muốn kể. Tác giả lược bỏ tối đa những khung truyện mô tả độc thoại nội tâm, giữ cho Mùa Hè Bất Tận một góc nhìn khách quan và nhường lại mọi cảm nhận cho độc giả. Có thể nói đây là một tác phẩm truyện tranh Việt Nam hiếm hoi mang đậm ngôn ngữ của điện ảnh hiện đại.
Mùa Hè Bất Tận được Lâm Hoàng Trúc mong muốn sẽ chinh phục độc giả ở mọi lứa tuổi. Tập truyện mở ra những góc sâu kín nhất của tuổi thiếu niên, nói thay nỗi lòng của các bạn trẻ với gia đình, nhà trường. Những nỗi niềm không dễ nói ra ấy là của chung cho bất kỳ ai đã từng bước qua một thời tuổi xanh, và cũng là một lời nhắn gửi đến chính những bậc cha mẹ của ngày hôm nay. 
" "
				    224				" "Sách tiếng Việt" "Manga - Comic" "Comic - Truyện Tranh" "Truyện Tranh Việt Nam" "108.000 đ" "120.000 đ"
https://www.fahasa.com/than-dong-dat-viet-44-quan-com-qui-toc.html https://cdn0.fahasa.com/media/catalog/product/8/9/8936054081882.jpg "

					Thần Đồng Đất Việt - Tập 44: Quán Cơm Quí Tộc				" "5.0" "(1 đánh giá)" "null" "
				    Nhiều Tác Giả				" "
				    NXB Đại Học Sư Phạm				" "
				    2013				" "
				    18 x 11 x 0.5 cm				" "
				    Bìa Mềm				" "
Thần Đồng Đất Việt 44 - Quán Cơm Quí Tộc
Quán cơm bình dân giờ thành quý tộc - kết quả của trò trưởng giả học làm sang! Liệu bà chủ Tám có yên thân với Trạng? Năm lần bảy lượt xuất chiêu, quý tộc hết đường! Hihi… 
" "
				    112				" "Sách tiếng Việt" "Manga - Comic" "Comic - Truyện Tranh" "Truyện Tranh Việt Nam" "9.000 đ" "10.000 đ"
https://www.fahasa.com/than-dong-dat-viet-116-hat-tieu-cay-doc-147652.html https://cdn0.fahasa.com/media/catalog/product/8/9/8936054089604.jpg "

					Thần Đồng Đất Việt - Tập 116: Hạt Tiêu Cay Độc				" "" "(0 đánh giá)" "null" "
				    Nhiều tác giả				" "
				    NXB Đại Học Sư Phạm				" "
				    2014				" "
				    18 x 11 cm				" "
				    Bìa Mềm				" "
Thần Đồng Đất Việt 116 - Hạt Tiêu Cay Độc
Quan ra cáo thị chi mà dân làng tức tối, còn bà Tám Tiền đọc xong tái mặt, chạy như bay. Nhưng hôm sau thì ... Chát! Lấy đâu ra dũng khí mà bà Tám Tiền dám vung tay tát vào mặt quan thế nhỉ? Lạ quá! Phải hỏi Trạng Tí mới được.
“Quân tử lúc cùng thêm thẹn mặt
Anh hùng khi gấp cũng khoanh tay.”
Trạng Tí đang bày kế sách gì để đưa quan Án Tiêu vào bẫy vậy? “Hạt tiêu cay độc” chắc là hấp dẫn lắm đây!!!
CLB Trạng & Bạn với các giai thoại thú vị về Xiển Bột sẽ khiến các bạn cười nghiêng ngả, và đặc biệt chúng mình sẽ được tham quan Văn Miếu Quốc Tự Giám nữa đấy. 
" "
				    114				" "Sách tiếng Việt" "Manga - Comic" "Comic - Truyện Tranh" "Truyện Tranh Việt Nam" "9.000 đ" "10.000 đ"
https://www.fahasa.com/than-dong-dat-viet-74-quan-an-thi-phu.html https://cdn0.fahasa.com/media/catalog/product/i/m/image_59834.jpg "

					Thần Đồng Đất Việt - Tập 74: Quán Ăn Thi Phú				" "" "(0 đánh giá)" "null" "
				    Nhiều Tác Giả				" "
				    NXB Đại Học Sư Phạm				" "
				    07-2012				" "
				    18 x 11				" "
				    Bìa Mềm				" "
Thần Đồng Đất Việt 74 - Quán Ăn Thi PhúCạnh tranh bằng chữ nghĩa, rốt cục ai thắng ai thua?Quý trọng chữ thánh hiền, tất có ngày vinh hiển!Làm quen kỳ này: Danh sĩ Nguyễn Khuyến. 
" "
				    112				" "Sách tiếng Việt" "Manga - Comic" "Comic - Truyện Tranh" "Truyện Tranh Việt Nam" "9.000 đ" "10.000 đ"
https://www.fahasa.com/than-dong-dat-viet-70-tran-chien-phan-cong.html https://cdn0.fahasa.com/media/catalog/product/i/m/image_78943.jpg "

					Thần Đồng Đất Việt - Tập 70: Trận Chiến Phản Công				" "" "(0 đánh giá)" "null" "
				    Nhiều Tác Giả				" "
				    NXB Đại Học Sư Phạm				" "
				    07-2012				" "
				    18 x 11				" "
				    Bìa Mềm				" "
Thần Đồng Đất Việt 70 - Trận Chiến Phản Công
Đánh từ kinh thành, đánh trên sông, đánh trên đường về, đánh nơi biên ải! Tướng Thoát Hoan về nước trong chiếc ống đồng! Đất nước sạch bóng thù, tưng bừng chiến thắng! Góp sức cùng Trạng Tí - Trần Hưng Đạo là những danh tướng anh hùng: Trần Khánh Dư, Lê Phụ Trần, Trần Quốc Toản, Trần Nhật Duật… 
" "
				    112				" "Sách tiếng Việt" "Manga - Comic" "Comic - Truyện Tranh" "Truyện Tranh Việt Nam" "9.000 đ" "10.000 đ"
https://www.fahasa.com/than-dong-dat-viet-57-buc-hoa-vi-nhan.html https://cdn0.fahasa.com/media/catalog/product/8/9/8936054089017.jpg "

					Thần Đồng Đất Việt - Tập 57: Bức Họa Vĩ Nhân				" "5.0" "(1 đánh giá)" "null" "
				    Nhiều Tác Giả				" "
				    NXB Đại Học Sư Phạm				" "
				    2012				" "
				    18 x 11 x 1 cm				" "
				    Bìa Mềm				" "
Thần Đồng Đất Việt 57 - Bức Họa Vĩ NhânTrưởng giả học làm sang, bá hộ chứng nào tật nấy! Chỉ giỏi bắt chẹt người, “vĩ nhân” điên người với bức họa đeo gông! Đáng đời nhé!Bạn sẽ làm quen với Thám hoa Lương Như Hộc - người truyền bá nghề in mộc bản cho dân ta.
Bối cảnh các câu chuyện trong Thần đồng đất Việt được lấy từ thời Hậu Lê, nhưng những sự kiện xảy ra trong truyện không trùng lặp với những sự kiện xảy ra trên thực tế. Tuy vậy, hầu hết những sự kiện chính xảy ra trong Thần đồng đất Việt đều dựa trên những câu truyện, điển tích lịch sử có thật của Việt Nam. Tác phẩm kể lại những câu chuyện về cuộc đời của Lê Tí, một Trạng Nguyên của Đại Việt cùng với những người bạn thân của cậu là Sửu ẹo, Dần béo và Cả Mẹo. Sự ra đời của Trạng Tí cũng không bình thường. Kiếp trước cậu vốn là một bậc thần tiên có kiến thức uyên bác trên Thiên Đình, sau đó được đầu thai xuống trần gian để giúp đỡ Đại Việt. Mẹ của Tí là bà Hai hậu, sau khi đi cày về mệt mỏi đã ngồi lên một hòn đá để nghỉ ngơi và có mang và sau đó sinh ra cậu Từ nhỏ, Tí đã thể hiện mình là một người con hiếu thảo, ham học và có trí thông minh hơn người. Ngay cả Đồ Kiết, thầy dạy của cậu cũng phải ngạc nhiên về kiến thức của cậu.

" "
				    112				" "Sách tiếng Việt" "Manga - Comic" "Comic - Truyện Tranh" "Truyện Tranh Việt Nam" "9.000 đ" "10.000 đ"
https://www.fahasa.com/than-dong-dat-viet-76-ong-to-than-co.html https://cdn0.fahasa.com/media/catalog/product/i/m/image_195509_1_1105.jpg "

					Thần Đồng Đất Việt - Tập 76: Ông Tổ Thần Cơ				" "" "(0 đánh giá)" "null" "
				    Nhiều Tác Giả				" "
				    NXB Đại Học Sư Phạm				" "
				    07-2012				" "
				    18 x 11				" "
				    Bìa Mềm				" "
Thần Đồng Đất Việt 76 - Ông Tổ Thần Cơ
Chế ra súng thần công - giặc hồn kinh phách tán! Vâng lời thừa tướng, Lý Long bắt Trạng giữa chiến trường! Mưu kế gì đây? Làm quen kỳ này: Hồ Nguyên Trừng - ông tổ thần cơ. 
" "null" "Sách tiếng Việt" "Manga - Comic" "Comic - Truyện Tranh" "Truyện Tranh Việt Nam" "9.000 đ" "10.000 đ"
https://www.fahasa.com/hoc-sinh-chan-kinh-tap-20-xuan-xa-xoi-phan-2.html https://cdn0.fahasa.com/media/catalog/product/i/m/image_57813.jpg "

					Học Sinh Chân Kinh (Tập 20) - Xuân Xa Xôi (Phần 2)				" "" "(0 đánh giá)" "null" "
				    BRO				" "
				    NXB Dân Trí				" "
				    07-2015				" "null" "
				    Bìa Mềm				" "
		    Học Sinh Chân Kinh (Tập 20) - Xuân Xa Xôi (Phần 2)
Tết Tết Tết Tết đến rồi, anh em họ hàng ta cùng về quê chơi xuân !!!!
Xuân  này các mem lớp 10 Bêta về quê chơi Tết hết trơn, kế hoạch tiệc Tất  niên kể như phá sản toàn tập. Mỗi người xuất hành theo nhiều diện khác  nhau, từ bị ép uổng cho đến ép uổng ba mẹ. Kẻ khóc thét trong vỡ òa đau  khổ, người mừng rớt nước mắt, nước mũi... nước miếng.
Xem tập này,  bạn sẽ giải được câu hỏi: tinh thần chuẩn bựa, tuyệt chiêu chém gió  và các thủ đoạn từ bờ rồ tới điên rồ của các thánh phán nhà ta có căn  cơ từ đâu? Di truyền chăng? Chỉ có thể nói là mỗi cây mỗi hoa, mỗi nhà  mỗi lệ.
Mời bạn đón đọc.		    
" "
				    121				" "Sách tiếng Việt" "Manga - Comic" "Comic - Truyện Tranh" "Truyện Tranh Việt Nam" "31.500 đ" "35.000 đ"
https://www.fahasa.com/than-dong-dat-viet-89-dau-tri-tieu-vuong.html https://cdn0.fahasa.com/media/catalog/product/8/9/8936054089338.jpg "

					Thần Đồng Đất Việt - Tập 89: Đấu Trí Tiểu Vương				" "" "(0 đánh giá)" "null" "
				    Nhiều Tác Giả				" "
				    NXB Đại Học Sư Phạm				" "
				    2007				" "
				    18 x 11 x 0.5 cm				" "
				    Bìa Mềm				" "
Thần Đồng Đất Việt 89 - Đấu Trí Tiểu Vương
Du hành đến vương quốc Chăm-pa, gặp biết bao điều hay lạ! Đấu trí cùng Chế Mén, Trạng Tí cứu hoàng thượng khỏi bị mất con! Vui! Hay! Hấp dẫn! 
" "
				    112				" "Sách tiếng Việt" "Manga - Comic" "Comic - Truyện Tranh" "Truyện Tranh Việt Nam" "9.000 đ" "10.000 đ"
https://www.fahasa.com/than-dong-dat-viet-97-cay-dan-khong-day.html https://cdn0.fahasa.com/media/catalog/product/8/9/8936054089413.jpg "

					Thần Đồng Đất Việt - Tập 97: Cây Đàn Không Đáy				" "" "(0 đánh giá)" "null" "
				    Nhiều Tác Giả				" "
				    NXB Đại Học Sư Phạm				" "
				    2008				" "
				    18 x 11 x 0.5 cm				" "
				    Bìa Mềm				" "
Thần Đồng Đất Việt 97 - Cây Đàn Không Đáy
Cuộc gặp gỡ tình cờ với một đào nương tài hoa một thuở! Vụ án “báu vật bị mất cắp” hé màn sự thật! Một nghệ thuật độc nhất vô nhị của dân tộc ta! Là gì thế? 
" "
				    112				" "Sách tiếng Việt" "Manga - Comic" "Comic - Truyện Tranh" "Truyện Tranh Việt Nam" "9.000 đ" "10.000 đ"
https://www.fahasa.com/than-dong-dat-viet-113-net-chu-cuu-nguoi.html https://cdn0.fahasa.com/media/catalog/product/i/m/image_59654.jpg "

					Thần Đồng Đất Việt 113 - Nét Chữ Cứu Người				" "4.0" "(1 đánh giá)" "null" "
				    Nhiều Tác Giả				" "
				    NXB Đại Học Sư Phạm				" "
				    06-2011				" "
				    18 x 11				" "
				    Bìa Mềm				" "
Thần Đồng Đất Việt 113 - Nét Chữ Cứu NgườiCùng đi hội chợ xuân, bạn bè Tí hí hửng chọn mua quạt làm quà. Thấy chuyện bất công, Trạng Tí vung tay múa bút giúp bạn bán quạt ngày xuân.Nét chữ có thể mang lại ấm no sao? Thử xem anh bạn Khờ của Tí đổi đời như thế nào nhé! 
" "
				    -1				" "Sách tiếng Việt" "Manga - Comic" "Comic - Truyện Tranh" "Truyện Tranh Việt Nam" "10.000 đ" "0"
https://www.fahasa.com/than-dong-dat-viet-63-ngu-su-nhoc-con.html https://cdn0.fahasa.com/media/catalog/product/i/m/image_59808.jpg "

					Thần Đồng Đất Việt - Tập 63: Ngự Sử Nhóc Con				" "5.0" "(1 đánh giá)" "null" "
				    Nhiều Tác Giả				" "
				    NXB Đại Học Sư Phạm				" "
				    06-2012				" "
				    18 x 11				" "
				    Bìa Mềm				" "
Thần Đồng Đất Việt 63 - Ngự Sử Nhóc ConDậu rách hay chữ, nức tiếng thần đồng?Dậu rách làm quan dù chưa đỗ đạt?Chuyện thật đấy, vì Dậu rách thủ vai Trung tán Ngự sử Đoàn Nhữ Hài mà. Oách không? 
" "
				    112				" "Sách tiếng Việt" "Manga - Comic" "Comic - Truyện Tranh" "Truyện Tranh Việt Nam" "9.000 đ" "10.000 đ"
https://www.fahasa.com/than-dong-dat-viet-161-cay-cau-ai-an.html https://cdn0.fahasa.com/media/catalog/product/i/m/image_79076.jpg "

					Thần Đồng Đất Việt 161 - Cây Cầu Ái Ân				" "" "(0 đánh giá)" "null" "
				    Phan Thị				" "
				    NXB Đại Học Sư Phạm				" "
				    07-2013				" "
				    18.0 x 11.0				" "
				    Bìa Mềm				" "
		    Thần Đồng Đất Việt 161 - Cây Cầu Ái Ân Công chúa Phương Thìn đại náo hoàng cung với “Ma Thuật Tây Dương” khiến ai nấy đều khiếp sợ… ngay cả vua cha!?! Phen này phải tìm cao nhân “chỉnh đốn” cho cô bé lém lĩnh mất thôi! Và đương nhiên không ai sáng giá bằng Trạng Tí rồi!!!! Vừa thông minh xuất chúng, vừa là bạn tốt của nhau nữa mà! Đố bạn biết Trạng Tí sẽ chinh phục sự nghịch ngợm của công chúa bằng cách nào đấy! Tò mò thì đón đọc Thần Đồng Đất Việt 161: Cây Cầu Ái Ân là biết ngay thôi mà!!!!!		    
" "
				    112				" "Sách tiếng Việt" "Manga - Comic" "Comic - Truyện Tranh" "Truyện Tranh Việt Nam" "10.000 đ" "0"
https://www.fahasa.com/than-dong-dat-viet-46-su-tau-mat-via-147651.html https://cdn0.fahasa.com/media/catalog/product/i/m/image_112980.jpg "

					Thần Đồng Đất Việt - Tập 46: Sứ Tàu Mất Vía				" "" "(0 đánh giá)" "null" "
				    Nhiều tác giả				" "
				    NXB Văn Hóa Sài Gòn				" "
				    2012				" "
				    11 x 18				" "
				    Bìa Mềm				" "
Thần Đồng Đất Việt 46 - Sứ Tàu Mất Vía
Nghênh ngang ngạo mạn, sứ Tàu xem người phương Nam như cỏ rác!
Giữ gìn quốc thể, Trạng Tí và chúng bạn khiến sứ thất đảm hồn kinh!
Làm quen kỳ này: Trạng Quỳnh 
" "
				    114				" "Sách tiếng Việt" "Manga - Comic" "Comic - Truyện Tranh" "Truyện Tranh Việt Nam" "9.000 đ" "10.000 đ"
https://www.fahasa.com/hoc-sinh-chan-kinh-tap-2-an-hanh-trong-tu-gao.html https://cdn0.fahasa.com/media/catalog/product/8/9/8936071292919_1.jpg "

					Học Sinh Chân Kinh - Tập 2 - Ăn Hành Trong Tủ Gạo				" "5.0" "(1 đánh giá)" "null" "
				    BRO				" "
				    Dân Trí				" "
				    2014				" "
				    13 x 19				" "
				    Bìa Mềm				" "
		    Học Sinh Chân Kinh tập 2 với nhan đề Ăn Hành Trong Tủ Gạo sẽ đưa độc giả đến với không khí ôn thi học kì vô cùng … sôi nổi và cũng không kém phần căng thẳng của tập thể lớp 10 Bê-ta. Ngoài việc làm quen với các nhân vật mới (học sinh mới, giáo viên mới), các độc giả tuổi teen sẽ có cơ hội “tu luyện” được những bí kiếp quay bài cực kì độc đáo, duy nhất chỉ có ở Học Sinh Chân Kinh.

Bên cạnh đó, để chào đón tập 2 được phát hành, nhóm tác giả B.R.O đã “xuất xưởng” một đoạn trailer hết sức vui nhộn với hình ảnh từ tập 2 của truyện cùng giọng lồng tiếng của chính 3 thành viên trong nhóm cùng vô số hình ảnh hé lộ nội dung tập 2

Học Sinh Chân Kinh 2: Ăn Hành Trong Tủ Gạo – món quà tinh thần đặc biệt mà B.R.O và Phan Thị muốn dành đến cho các bạn sau những giờ phút ôn tập căng thẳng.		    
" "
				    126				" "Sách tiếng Việt" "Manga - Comic" "Comic - Truyện Tranh" "Truyện Tranh Việt Nam" "31.500 đ" "35.000 đ"
https://www.fahasa.com/than-dong-dat-viet-79-luc-dau-cuu-nguy.html https://cdn0.fahasa.com/media/catalog/product/i/m/image_59854.jpg "

					Thần Đồng Đất Việt - Tập 79: Lục Đậu Cứu Nguy				" "5.0" "(1 đánh giá)" "null" "
				    Nhiều Tác Giả				" "
				    NXB Đại Học Sư Phạm				" "
				    07-2012				" "
				    18 x 11				" "
				    Bìa Mềm				" "
Thần Đồng Đất Việt 79 - Lục Đậu Cứu NguyTrạng Tí từ cõi chết trở về!!!Phép lạ nào đã cứu sống Trạng, để Trạng lại tài tình phá tan mưu đồ của giặc?Bạn sẽ có dịp tìm hiểu về những hạt đậu xanh bé nhỏ nhưng đầy công dụng đấy! 
" "
				    -1				" "Sách tiếng Việt" "Manga - Comic" "Comic - Truyện Tranh" "Truyện Tranh Việt Nam" "9.000 đ" "10.000 đ"
https://www.fahasa.com/than-dong-dat-viet-81-vach-tran-xao-ke.html https://cdn0.fahasa.com/media/catalog/product/i/m/image_59874.jpg "

					Thần Đồng Đất Việt - Tập 81: Vạch Trần Xảo Kế				" "" "(0 đánh giá)" "null" "
				    Nhiều Tác Giả				" "
				    NXB Đại Học Sư Phạm				" "
				    08-2012				" "
				    18 x 11				" "
				    Bìa Mềm				" "
Thần Đồng Đất Việt 81 - Vạch Trần Xảo KếCông tư bất minh, huyện quan tiếp tay gian thương làm khổ dân tình! Vạch trần xảo kế, Tí đòi lại công bằng cho dân.Bằng cách nào thế?Làm quen kỳ này: Ất Tiến sĩ Phan Văn Ái. 
" "
				    -1				" "Sách tiếng Việt" "Manga - Comic" "Comic - Truyện Tranh" "Truyện Tranh Việt Nam" "9.000 đ" "10.000 đ"
https://www.fahasa.com/than-dong-dat-viet-99-xet-cong-chua-chay.html https://cdn0.fahasa.com/media/catalog/product/i/m/image_59650.jpg "

					Thần Đồng Đất Việt 99 - Xét Công Chữa Cháy				" "" "(0 đánh giá)" "null" "
				    Nhiều Tác Giả				" "
				    NXB Đại Học Sư Phạm				" "
				    06-2011				" "
				    18 x 11				" "
				    Bìa Mềm				" "
Thần Đồng Đất Việt 99 - Xét Công Chữa CháyGiấc mộng bật mí kho báu. Vì tham, bá hộ quyết làm chuyện khác đờiNhưng chuyện gì xảy ra mà bà con ùn ùn kéo đến nhà thờ tổ của Mẹo thế kia? Có kho báu thật sao? 
" "
				    112				" "Sách tiếng Việt" "Manga - Comic" "Comic - Truyện Tranh" "Truyện Tranh Việt Nam" "9.000 đ" "10.000 đ"
https://www.fahasa.com/than-dong-dat-viet-128-ca-voi-so-vo.html https://cdn0.fahasa.com/media/catalog/product/i/m/image_72714.jpg "

					Thần Đồng Đất Việt - Tập 128: Cả Voi Sợ Vợ				" "" "(0 đánh giá)" "null" "
				    Nhiều Tác Giả				" "
				    NXB Đại Học Sư Phạm				" "
				    08-2012				" "
				    18 x 11				" "
				    Bìa Mềm				" "
Thần Đồng Đất Việt 128 - Cả Voi Sợ Vợ
Ai đã truyền những chiêu thức võ thuật giúp Dần tự vệ? Phải chăng đó là anh Cả Voi cao to, tráng kiện, cực kỳ giỏi võ nhưng lại rất … sợ vợ không?
Đúng lúc triều đình đang mở hội thi tiến sĩ võ, liệu bộ tứ có thể thuyết phục anh Cả Voi đi thi để ra làm quan phục vụ triều đình? Đón đọc Thần Đồng Đất Việt – 128: Cả Voi sợ vợ, bạn nhé! 
" "null" "Sách tiếng Việt" "Manga - Comic" "Comic - Truyện Tranh" "Truyện Tranh Việt Nam" "9.000 đ" "10.000 đ"
https://www.fahasa.com/hoc-sinh-chan-kinh-tap-7-nu-sinh-thanh-loc.html https://cdn0.fahasa.com/media/catalog/product/i/m/image_79123.jpg "

					Học Sinh Chân Kinh - Tập 7: Nữ Sinh Thanh Lọc				" "5.0" "(1 đánh giá)" "null" "null" "
				    NXB Đại Học Sư Phạm				" "
				    09-2013				" "
				    19 x 13				" "
				    Bìa Mềm				" "
		    Học Sinh Chân Kinh - Tập 7: Nữ Sinh Thanh Lọc Thế nào?! Sau một tháng tranh tài ở Hội Khỏe Phù Mỏ, mọi người cảm thấy thế nào?! Nếu vẫn còn tiếc nuối chút chút vì kết thúc mở của tập 6 thì đừng lo!!! Học Sinh Chân Kinh sẽ tiếp tục đưa các bạn đến với không khí sôi nổi của một cuộc thi hấp dẫn không kém, đó chính là cuộc thi tìm kiếm Nữ Sinh Thanh Lọc độc nhất vô nhị. Rất nhiều các phần thi ... khó đỡ chỉ có ở Xứ Bưởi sẽ khiến các bạn cười nghiêng ngã. Đặc biệt hơn, trong tập 7 này, Học Sinh Chân Kinh sẽ trình làng đội quân Hot Girl cực hot của THPT Khổ Qua được mệnh danh là nhóm NST2.		    
" "
				    126				" "Sách tiếng Việt" "Manga - Comic" "Comic - Truyện Tranh" "Truyện Tranh Việt Nam" "31.500 đ" "35.000 đ"
https://www.fahasa.com/than-dong-dat-viet-87-buong-chuoi-an-tinh.html https://cdn0.fahasa.com/media/catalog/product/i/m/image_59902.jpg "

					Thần Đồng Đất Việt - Tập 87: Buồng Chuối Ân Tình				" "" "(0 đánh giá)" "null" "
				    Nhiều Tác Giả				" "
				    NXB Đại Học Sư Phạm				" "
				    08-2012				" "
				    18 x 11				" "
				    Bìa Mềm				" "
Thần Đồng Đất Việt 87 - Buồng Chuối Ân TìnhViết chữ trên… lá chuối, gương hiếu học ngời ngời!Vu cho Dậu trộm chuối, nhưng kẻ trộm là ai?Điều này… chỉ có Trạng Tí biết!Nếu xem… bạn cũng biết, hehe…! 
" "null" "Sách tiếng Việt" "Manga - Comic" "Comic - Truyện Tranh" "Truyện Tranh Việt Nam" "9.000 đ" "10.000 đ"
https://www.fahasa.com/than-dong-dat-viet-92-duoc-hoan-tang-me.html https://cdn0.fahasa.com/media/catalog/product/i/m/image_59652.jpg "

					Thần Đồng Đất Việt - Tập 92: Dược Hoàn Tặng Mẹ				" "" "(0 đánh giá)" "null" "
				    Nhiều Tác Giả				" "
				    NXB Đại Học Sư Phạm				" "
				    06-2011				" "
				    18 x 11				" "
				    Bìa Mềm				" "
Thần Đồng Đất Việt 92 - Dược Hoàn Tặng MẹMẹ ốm! Trọng trách đối với quốc gia phải hoàn thành! Làm sao đây???Hãy xem Trạng Tí đã làm gì để vẹn toàn cả hai sứ mệnh!Làm quen Hoàng Đôn Hòa, người bào chế thuốc viên tiện lợi! 
" "
				    -1				" "Sách tiếng Việt" "Manga - Comic" "Comic - Truyện Tranh" "Truyện Tranh Việt Nam" "9.000 đ" "10.000 đ"
https://www.fahasa.com/hoc-sinh-chan-kinh-tap-8-anh-hung-ban-phim.html https://cdn0.fahasa.com/media/catalog/product/i/m/image_79126.jpg "

					Học Sinh Chân Kinh - Tập 8: Anh Hùng Bàn Phím				" "" "(0 đánh giá)" "null" "
				    BRO				" "
				    NXB Đại Học Sư Phạm				" "
				    11-2013				" "
				    19 x 13				" "
				    Bìa Mềm				" "
		    Học Sinh Chân Kinh - Tập 8: Anh Hùng Bàn Phím Trích đoạn của truyện:  		    
" "
				    126				" "Sách tiếng Việt" "Manga - Comic" "Comic - Truyện Tranh" "Truyện Tranh Việt Nam" "31.500 đ" "35.000 đ"
https://www.fahasa.com/than-dong-dat-viet-101-lop-hoc-ven-duong.html https://cdn0.fahasa.com/media/catalog/product/i/m/image_222413.jpg "

					Thần Đồng Đất Việt - Tập 101: Lớp Học Ven Đường				" "" "(0 đánh giá)" "null" "
				    Nhiều Tác Giả				" "
				    NXB Đại Học Sư Phạm				" "
				    08-2012				" "
				    18 x 11				" "
				    Bìa Mềm				" "
Thần Đồng Đất Việt 101 - Lớp Học Ven Đường
Trên đường lên kinh, gặp cướp giữa đường, cả bọn Trạng Tí đang ngồi xe đành phải xuống cuốc bộ. Tiền bạc không còn, Trạng Tí nhanh nhạy mở lớp học ven đường kiếm tiền lộ phí, không may đụng độ với thầy đồ. 
" "
				    114				" "Sách tiếng Việt" "Manga - Comic" "Comic - Truyện Tranh" "Truyện Tranh Việt Nam" "9.000 đ" "10.000 đ"
https://www.fahasa.com/than-dong-dat-viet-115-ba-nen-vang-oan.html https://cdn0.fahasa.com/media/catalog/product/i/m/image_59660.jpg "

					Thần Đồng Đất Việt - Tập 115: Ba Nén Vàng Oan				" "" "(0 đánh giá)" "null" "
				    Nhiều Tác Giả				" "
				    NXB Đại Học Sư Phạm				" "
				    06-2011				" "
				    18 x 11				" "
				    Bìa Mềm				" "
Thần Đồng Đất Việt 115 - Ba Nén Vàng OanTrạng nguyên làm lễ xuất gia, nhà chùa rộn ràng chuẩn bị. Bỗng bóng hồng từ đâu xuất hiện, quấy động chốn thiền môn.Ba nén vàng cùng bài thơ làm tín vật định tình của nữ thí chủ khiến trạng nguyên mắc phải điều hàm oan. Bày ra chốn địa ngục, Trạng Tí giúp người minh oan và đạt thành ước nguyện.Hấp dẫn! Hấp dẫn! Cùng xem Trạng Tí trổ tài nha! 
" "null" "Sách tiếng Việt" "Manga - Comic" "Comic - Truyện Tranh" "Truyện Tranh Việt Nam" "9.000 đ" "10.000 đ"
https://www.fahasa.com/than-dong-dat-viet-48-not-ruoi-bac-van.html https://cdn0.fahasa.com/media/catalog/product/i/m/image_59682.jpg "

					Thần Đồng Đất Việt - Tập 48: Nốt Ruồi Bạc Vạn				" "" "(0 đánh giá)" "null" "
				    Nhiều Tác Giả				" "
				    NXB Đại Học Sư Phạm				" "
				    07-2011				" "
				    18 x 11				" "
				    Bìa Mềm				" "
Thần Đồng Đất Việt 48 - Nốt Ruồi Bạc VạnLời mời sang Bắc quốc làm triều đình Đại Việt náo loạn!Một phen đấu trí giữa Trạng Tí và Tể tướng, cuối cùng người dẫn đầu đoàn đi sứ chính là…?Hồi hộp! Hài hước! Hay ơi là hay! 
" "
				    112				" "Sách tiếng Việt" "Manga - Comic" "Comic - Truyện Tranh" "Truyện Tranh Việt Nam" "9.000 đ" "10.000 đ"
https://www.fahasa.com/tddv-t117-my-vien-lang-phe.html https://cdn0.fahasa.com/media/catalog/product/i/m/image_195509_1_37454.jpg "

					Thần Đồng Đất Việt - Tập 117: Mỹ Viện Lang Phế				" "" "(0 đánh giá)" "null" "
				    Lê Linh				" "
				    NXB Văn Hóa Sài Gòn				" "
				    2009				" "
				    18 x 11 x 0.5 cm				" "
				    Bìa Mềm				" "
Một sáng thức dậy, Lang Phế quyết định đổi đời, cho đóng cửa luôn tiệm thuốc. Từ đấy, làng Phan Thị mọc lên một thiên đường sắc đẹp, cuốn chân quý bà quý cô đua nhau đến chỗ thầy lang, những mong da mặt ... cải lão hồi xuân.
Hi hi, chuyện chẳng có gì nếu gương mặt của một “đại tỷ” không “nổi đình nổi đám”, khiến mỹ viện Lang Phế một phen đứng bên bờ phá sản. Một đầu kiến thức, Trạng Tí ra tay giúp mỹ viện trở lại tưng bừng. Thế nhưng, tưởng đâu mọi chuyện êm xuôi, vậy mà Tí phải thất thanh kêu trời khi gặp lại thầy lang.
Chuyện gì vậy cà? Chẳng lẽ Lang Phế cũng đã ... thay da đổi thịt? Phải xem “Mỹ viện Lang Phế” bán dược phẩm thiên nhiên gì mới được! 
" "
				    112				" "Sách tiếng Việt" "Manga - Comic" "Comic - Truyện Tranh" "Truyện Tranh Việt Nam" "9.000 đ" "10.000 đ"
https://www.fahasa.com/than-dong-dat-viet-90-sieu-mau-sam-cam.html https://cdn0.fahasa.com/media/catalog/product/i/m/image_59688.jpg "

					Thần Đồng Đất Việt - Tập 90: Siêu Mẫu Sâm Cầm				" "" "(0 đánh giá)" "null" "
				    Nhiều Tác Giả				" "
				    NXB Đại Học Sư Phạm				" "
				    08-2011				" "
				    18 x 11				" "
				    Bìa Mềm				" "
Thần Đồng Đất Việt 90 - Siêu Mẫu Sâm CầmThơm ngon bổ dưỡng, là thịt sâm cầm! Triều cống lên vua, vào tay quan tất!Cuộc đấu tranh đòi bãi bỏ lệnh cống sâm cầm diễn ra thế nào?Xem thì biết! 
" "null" "Sách tiếng Việt" "Manga - Comic" "Comic - Truyện Tranh" "Truyện Tranh Việt Nam" "9.000 đ" "10.000 đ"
https://www.fahasa.com/than-dong-dat-viet-37-quan-toa-sat-nhan.html https://cdn0.fahasa.com/media/catalog/product/i/m/image_193682.jpg "

					Thần Đồng Đất Việt - Tập 37: Quan Tòa Sát Nhân				" "" "(0 đánh giá)" "null" "
				    Nhiều Tác Giả				" "
				    NXB Trẻ				" "
				    09-2012				" "
				    18 x 11				" "
				    Bìa Mềm				" "
Thần Đồng Đất Việt 37 - Quan Tòa Sát Nhân
Vì tờ hôn ước năm xưa, vì thói tham sang phụ khó, đôi trai tài gái sắc phải đôi ngả phân ly! Trong vai quan tòa “sát nhân”, Trạng Tí đòi lại công bằng! Làm quen kỳ này: Trạng nguyên Vũ Tuấn Chiêu 
" "
				    112				" "Sách tiếng Việt" "Manga - Comic" "Comic - Truyện Tranh" "Truyện Tranh Việt Nam" "9.000 đ" "10.000 đ"
https://www.fahasa.com/than-dong-dat-viet-140-xep-ky-nang-xop.html https://cdn0.fahasa.com/media/catalog/product/i/m/image_59732.jpg "

					Thần Đồng Đất Việt - Tập 140: Xẹp Kỹ Năng Xốp				" "" "(0 đánh giá)" "null" "
				    Nhiều Tác Giả				" "
				    NXB Thời Đại				" "
				    12-2011				" "
				    18 x 11				" "
				    Bìa Mềm				" "
Thần Đồng Đất Việt 140 - Xẹp Kỹ Năng XốpGặp ai ở miếu linh mà Đồ Kiết quyết về nhà mở ngay khóa học mới: huấn luyện kỹ năng “xốp” vậy cà! Khóa học đặc biệt chỉ có một học trò mà có tới hai “chuyên gia” phụ tá thầy Đồ. Nhưng sao lại huấn luyện để trở thành người mẫu siêu cấp, rồi thì gia tăng tính hiếu thắng, biến gầy thành béo …?!Nghe lạ quá phải không các bạn, đón đọc Thần Đồng Đất Việt - 140 để biết thế nào là Xẹp kỹ năng xốp nha các bạn! 
" "
				    -1				" "Sách tiếng Việt" "Manga - Comic" "Comic - Truyện Tranh" "Truyện Tranh Việt Nam" "9.000 đ" "10.000 đ"
https://www.fahasa.com/than-dong-dat-viet-80-thinh-lung-dai-chung.html https://cdn0.fahasa.com/media/catalog/product/i/m/image_60108.jpg "

					Thần Đồng Đất Việt - Tập 80: Thỉnh Lủng Đại Chung				" "" "(0 đánh giá)" "null" "
				    Nhiều Tác Giả				" "
				    NXB Đại Học Sư Phạm				" "
				    06-2013				" "
				    18 x 11				" "
				    Bìa Mềm				" "
Thần Đồng Đất Việt 80 - Thỉnh Lủng Đại ChungVào tay bá hộ, chuông đẹp đánh vài lần vỡ nát!Trạng Tí ra tay, đúc chuông quý làm thần vật cho làng!Làm quen kỳ này: Thiền sư Nguyễn Minh Không và Thiền sư Dương Không Lộ - hai ông tổ nghề đúc đồng. 
" "
				    -1				" "Sách tiếng Việt" "Manga - Comic" "Comic - Truyện Tranh" "Truyện Tranh Việt Nam" "9.000 đ" "10.000 đ"
https://www.fahasa.com/than-dong-dat-viet-158-ky-an-mang-xa.html https://cdn0.fahasa.com/media/catalog/product/8/9/8936071290588.jpg "

					Thần Đồng Đất Việt - Tập 158: Kỳ Án Mãng Xà				" "" "(0 đánh giá)" "null" "
				    Phan Thị				" "
				    NXB Đại Học Sư Phạm				" "
				    04-2013				" "
				    18.0 x 11.0				" "
				    Bìa Mềm				" "
		    Thần Đồng Đất Việt 158 - Kỳ Án Mãng Xà Một con mãng xà “đau đẻ” xuất hiện… Tiếp đến là Trạng Tí bị bắt trói, giải lên công đường với tội danh đánh người gây thương tích và tra tấn dã man người già!? Và sự thật là… Tí có “ra tay” như vậy đấy! Có nhân chứng hẳn hoi à nha! Các bạn có muốn biết kỳ án này diễn biến thế nào không? Đón xem Thần Đồng Đất Việt 158: Kỳ Án Mãng Xà nhé!		    
" "
				    112				" "Sách tiếng Việt" "Manga - Comic" "Comic - Truyện Tranh" "Truyện Tranh Việt Nam" "9.000 đ" "10.000 đ"
https://www.fahasa.com/than-dong-dat-viet-65-tranh-tai-vo-trang.html https://cdn0.fahasa.com/media/catalog/product/i/m/image_59809.jpg "

					Thần Đồng Đất Việt - Tập 65: Tranh Tài Võ Trạng				" "5.0" "(1 đánh giá)" "null" "
				    Nhiều Tác Giả				" "
				    NXB Đại Học Sư Phạm				" "
				    06-2012				" "
				    18 x 11				" "
				    Bìa Mềm				" "
Thần Đồng Đất Việt 65 - Tranh Tài Võ TrạngAnh hùng khắp nơi đổ về tranh chức Võ Trạng, tìm người tài thống lĩnh ba quân chống giặc!Mưu trí hơn người, Trạng Tí đoạt lại chức Võ Trạng cho người xứng đáng!Người đó chính là…??? 
" "
				    112				" "Sách tiếng Việt" "Manga - Comic" "Comic - Truyện Tranh" "Truyện Tranh Việt Nam" "9.000 đ" "10.000 đ"
https://www.fahasa.com/than-dong-dat-viet-159-dai-quan-thieu-gao.html https://cdn0.fahasa.com/media/catalog/product/8/9/8936071290595.jpg "

					Thần Đồng Đất Việt 159 - Đại Quan Thiếu Gạo				" "" "(0 đánh giá)" "null" "
				    Phan Thị				" "
				    NXB Đại Học Sư Phạm				" "
				    05-2013				" "
				    18.0 x 11.0				" "
				    Bìa Mềm				" "
		    Thần Đồng Đất Việt 159 - Đại Quan Thiếu Gạo Dân tình rơi vào cảnh lũ lụt, mất mùa, đói kém… thân làm quan lớn không làm việc nhân nghĩa thì thôi, đằng này người chuộc lợi, kẻ mưu toan làm giàu cho gia chủ. Đã vậy các đại quan còn đua nhau khoe khoang về gia sản giàu nhất nước. Thế thì tranh tài xem ai giàu hơn ai nào!? Đương nhiên là Trạng Tí không thể bỏ qua cơ hội “chuộc lợi” cho dân lành rồi. Cuộc tranh “giàu” nảy lửa giữa Tào Tể Tướng và Lưu Hộ Bộ Thượng Thư sẽ còn nhiều bất ngờ và thú vị đến hồi kết! Đón xem Thần Đồng Đất Việt 159: Đại Quan Thiếu Gạo nhé!		    
" "
				    112				" "Sách tiếng Việt" "Manga - Comic" "Comic - Truyện Tranh" "Truyện Tranh Việt Nam" "10.000 đ" "0"
https://www.fahasa.com/than-dong-dat-viet-142-than-dong-san-rong.html https://cdn0.fahasa.com/media/catalog/product/i/m/image_78868.jpg "

					Thần Đồng Đất Việt - Tập 142: Thần Đồng Săn Rồng				" "" "(0 đánh giá)" "null" "
				    Nhiều Tác Giả				" "
				    NXB Thời Đại				" "
				    01-2012				" "
				    18 x 11				" "
				    Bìa Mềm				" "
Thần Đồng Đất Việt 142 - Thần Đồng Săn Rồng
Nội dung lôi cuốn! Hình ảnh đẹp mắt! Tặng phẩm thật xinh! - Tất cả sẽ có trong ấn phẩm đặc biệt Xuân Nhâm Thìn của Phan Thị - tập truyệnThần Đồng Đất Việt  - 142: Thần Đồng Săn Rồng! Ấn phẩm xuân dày 96 trang (khổ 16 x 24 cm) cực kỳ cuốn hút với chuyến săn rồng kỳ bí của bộ tứ. Chinh phục đỉnh Bạch Vân, vượt qua bao cửa ải, đương đầu với hiểm nguy, liệu bộ tứ có an toàn tính mạng khi đối mặt với Rồng? Ly kỳ và hấp dẫn! Các bạn nhớ đón xem! Kết thúc chuyến săn rồng, các bạn sẽ được “thưởng thức” món bánh có cái tên rất chi là lạ -bánh lắc. Đây là món bánh mà công chúa Phương Thìn định dâng lên Hoàng thượng nhân dịp Tết, nhưng người trong nhà làm bánh, kẻ đứng ngoài lăm le, thế nên... (đọc rồi sẽ biết) Bao năm rồi các bạn đã cùng bộ tứ đón Tết tại làng Phan Thị, thế thì năm nay cùng lên khinh khí cầu chu du sang Cao Ly một chuyến với bộ tứ nhé! Ơ, nhưng cái bánh chưng gạo nếp nhân đậu xanh thịt mỡ bộ tứ mang sang tặng sứ thần Cao Ly có “dấu ấn” gì đặc biệt vậy cà? Nào, cùng phiêu lưu một chuyến để biết bộ tứ gặp chuyện chi ở Cao Ly hen! Thần Đồng Đất Việt - 142 còn khiến bạn cười ngất với các tiểu phẩm Tết vui nhộn. 
" "null" "Sách tiếng Việt" "Manga - Comic" "Comic - Truyện Tranh" "Truyện Tranh Việt Nam" "27.000 đ" "30.000 đ"
https://www.fahasa.com/than-dong-dat-viet-162-dai-chien-thuy-to.html https://cdn0.fahasa.com/media/catalog/product/i/m/image_79077.jpg "

					Thần Đồng Đất Việt 162 - Đại Chiến Thủy Tô				" "5.0" "(1 đánh giá)" "null" "
				    Phan Thị				" "
				    NXB Đại Học Sư Phạm				" "
				    08-2013				" "
				    18.0 x 11.0				" "
				    Bìa Mềm				" "
		    Thần Đồng Đất Việt 162 - Đại Chiến Thủy Tô Đất trời đang mưa thuận gió hòa, không thiên tai, không hạn hán nhưng vị quan tri phủ mới về nhận chức lại lập đàn tế rất lớn. Quan lệnh cho dân làng phải mang lễ vật đầy đủ, còn tri huyện phải dâng câu đối tế. Trạng Tí vào cuộc và quyết tâm… phá đám. Trí thông minh, hóm hỉnh của Tí Sún khiến cho những tên tham quan một phen bẻ mặt, dân làng được trận cười no say. Song cũng vì thế mà âm mưu mới lập ra hòng đạt bằng được mục đích tư lợi. Trạng Tí lại ra tay cứu nguy… nhưng lần này không thoát khỏi cường quyền… Tí dang tay chịu trói áp giải về kinh Lôi cuốn! Hấp dẫn! Mời các bạn đón xem Thần Đồng Đất Việt 162: Đại Chiến Thủy Tô.		    
" "
				    112				" "Sách tiếng Việt" "Manga - Comic" "Comic - Truyện Tranh" "Truyện Tranh Việt Nam" "10.000 đ" "0"
https://www.fahasa.com/than-dong-dat-viet-150-sat-nhan-lo-dien.html https://cdn0.fahasa.com/media/catalog/product/z/3/z3207987557152_851fe42614d6eeced6ddde29a55b4fff.jpg "

					Thần Đồng Đất Việt - Tập 150: Sát Nhân Lộ Diện				" "" "(0 đánh giá)" "null" "
				    Phan Thị				" "
				    NXB Đại Học Sư Phạm				" "
				    2012				" "
				    18 x 11 x 0.4 cm				" "
				    Bìa Mềm				" "
Thần Đồng Đất Việt 150 - Sát Nhân Lộ Diện
Những ngọn lửa ma quái màu xanh, những tiếng động giật bắn người thật sự đã khiến bộ tứ mỗi lúc một hoang mang khi mắc kẹt trong “ngôi nhà ma” từ sau Vụ án trên hồ (Thần Đồng Đất Việt 149).
Nhưng với trí thông minh và tài suy đoán của Trạng Tí, thực hư sự việc đã dần dần hé mở. Viên sử quan Lê Tèo có phải là người đã bị giải ra pháp trường xử trảm? Ẩn sau vụ án này là câu chuyện cảm động về tình huynh đệ, về một viên quan bộc trực, thương dân… Trạng Tí làm cách nào để vén bức màn bí mật của vụ án, các bạn nhớ đón xem Thần Đồng Đất Việt – 150: Sát Nhân Lộ Diện. 
" "
				    100				" "Sách tiếng Việt" "Manga - Comic" "Comic - Truyện Tranh" "Truyện Tranh Việt Nam" "9.000 đ" "10.000 đ"
https://www.fahasa.com/than-dong-dat-viet-164-bo-cai-tit-ngoi.html https://cdn0.fahasa.com/media/catalog/product/i/m/image_79079.jpg "

					Thần Đồng Đất Việt - Tập 164: Bò Cái Tịt Ngòi				" "" "(0 đánh giá)" "null" "
				    Phan Thị				" "
				    NXB Đại Học Sư Phạm				" "
				    10-2013				" "
				    18.0 x 11.0				" "
				    Bìa Mềm				" "
		    Thần Đồng Đất Việt 164: Bò Cái Tịt Ngòi “Sao ta giải thích kỹ thế mà ngươi không chịu hiểu vậy?” “Muốn xử thì phải có bằng chứng!” Quan huyện đang gặp rắc rối với đơn kiện “đàn bò cái” cả tháng ròng, bởi người đi kiện cứ bám dai dẳng đòi “Trả bò cho tôi!”. Không bằng chứng - không nhân chứng, biết lấy gì phân xử?!? Chuyến lên huyện chơi của bộ tứ xem ra sẽ càng thú vị hơn nếu giúp được quan huyện giải án này đấy. Tài trí của Trạng Tí sẽ khiến cho bị cáo phải khâm phục khẩu phục! Mời các bạn cùng đón xem Thần Đồng Đất Việt 164: Bò Cái Tịt Ngòi!		    
" "
				    112				" "Sách tiếng Việt" "Manga - Comic" "Comic - Truyện Tranh" "Truyện Tranh Việt Nam" "9.000 đ" "10.000 đ"
https://www.fahasa.com/hoc-sinh-chan-kinh-tap-10-xuan-ua-gan.html https://cdn0.fahasa.com/media/catalog/product/8/9/8936071296221_2.jpg "

					Học Sinh Chân Kinh - Tập 10 - Xuân Ứa Gan				" "4.4" "(3 đánh giá)" "null" "
				    BRO				" "
				    Dân Trí				" "
				    2014				" "
				    13 x 19				" "
				    Bìa Mềm				" "
		    Đừng có nghĩ là xứ Trái Bưởi của Học Sinh Chân Kinh không có Tết nha các bạn. Không những có Tết mà còn có khi ăn Tết lớn hơn Trái Đất nữa đó nha!!!

Từng trang truyện của Học Sinh Chân Kinh 10 sẽ mang đến cho các bạn một bầu không khí hân hoan, náo nức lòng người khi độ xuân về. Bên cạnh đó cũng không thể thiếu những pha hài hước của nhóm siêu quậy 10 Bê-ta (bình thường đã quậy, không biết Tết về thì còn quậy thế nào nữa đây?!)		    
" "
				    126				" "Sách tiếng Việt" "Manga - Comic" "Comic - Truyện Tranh" "Truyện Tranh Việt Nam" "31.500 đ" "35.000 đ"
https://www.fahasa.com/than-dong-dat-viet-168-tao-phi-mat-trom.html https://cdn0.fahasa.com/media/catalog/product/i/m/image_79083.jpg "

					Thần Đồng Đất Việt - Tập 168: Tào Phi Mất Trộm				" "" "(0 đánh giá)" "null" "null" "
				    NXB Đại Học Sư Phạm				" "
				    02-2014				" "
				    18 x 11				" "
				    Bìa Mềm				" "
		    Thần Đồng Đất Việt 168 - Tào Phi Mất Trộm		    
" "
				    112				" "Sách tiếng Việt" "Manga - Comic" "Comic - Truyện Tranh" "Truyện Tranh Việt Nam" "9.000 đ" "10.000 đ"
https://www.fahasa.com/than-dong-dat-viet-82-nghe-nhan-hoc-lom.html https://cdn0.fahasa.com/media/catalog/product/i/m/image_229142.jpg "

					Thần Đồng Đất Việt - Tập 82: Nghệ Nhân Học Lóm				" "" "(0 đánh giá)" "null" "
				    Nhiều Tác Giả				" "
				    NXB Đại Học Sư Phạm				" "
				    08-2012				" "
				    18 x 11				" "
				    Bìa Mềm				" "
Thần Đồng Đất Việt 82 - Nghệ Nhân Học LómNghệ nhân thật gặp tai nạn, “nghệ nhân” tí hon ra tay… học lóm! Môn nghệ thuật độc nhất vô nhị, hấp dẫn cực kỳ!Làm quen kỳ này: Thiền sư Từ Đạo Hạnh, người khai sáng nghệ thuật rối nước. 
" "
				    -1				" "Sách tiếng Việt" "Manga - Comic" "Comic - Truyện Tranh" "Truyện Tranh Việt Nam" "9.000 đ" "10.000 đ"
https://www.fahasa.com/chieu-hoang-ky-ghi-chep-ve-nu-de-cuoi-cung-tap-1.html https://cdn0.fahasa.com/media/catalog/product/9/7/9786043832815.jpg "

					Chiêu Hoàng Kỷ - Ghi Chép Về Nữ Đế Cuối Cùng - Tập 1				" "" "(0 đánh giá)" "
				    Cty Comicola				" "
				    Lê Thị Ngọc Linh, Nguyễn Hoàng Dương				" "
				    Hội Nhà Văn				" "
				    2022				" "
				    18 x 13 x 0.7 cm				" "
				    Bìa Mềm				" "
Chiêu Hoàng Kỷ - Ghi Chép Về Nữ Đế Cuối Cùng - Tập 1
“CHIÊU HOÀNG KỶ - Ghi chép về Nữ Đế cuối cùng” là một tác phẩm truyện tranh cổ trang được lấy cảm hứng từ cuộc đời của Lý Chiêu Hoàng - vị nữ đế đầu tiên và duy nhất trong lịch sử phong kiến của Việt Nam.
Lý Chiêu Hoàng là vị nữ đế duy nhất trong lịch sử Việt Nam.
Mới 8 tuổi, sau chưa đầy hai năm đăng cơ, nàng buộc phải nhường ngôi cho người chồng họ Trần, một gia tộc quyền lực đương thời. Vị quốc chủ cuối cùng của triều Lý trở thành Chiêu Thánh Hoàng Hậu, hoàng hậu đầu tiên của nhà Trần, nhưng cũng không được bao lâu…
Đó là câu chuyện về Lý Chiêu Hoàng mà chính sử ghi chép lại
.
.
.
.
Cơ mà lại không phải những gì tôi định kể, ê hê hê 
Câu chuyện bắt đầu khi cậu bé 12 tuổi Lê Tần đi lạc trong cung, “vấp phải” Hoàng hậu Chiêu Thánh, rồi vô tình biết được bí mật động trời mà cả Hoàng cung đang tận lực che giấu.
Giới thiệu bộ truyện tranh “CHIÊU HOÀNG KỶ - Ghi chép về Nữ Đế cuối cùng”
Câu chuyện bắt đầu khi cậu bé 12 tuổi Lê Tần đi lạc trong cung, “vấp phải” Chiêu Thánh Hoàng Hậu, rồi vô tình biết được bí mật động trời mà cả Hoàng cung đang tận lực che giấu.
Sau cuộc gặp gỡ định mệnh ấy, “Tần, quay xe”, từ bỏ nguyện vọng theo ngạch võ quan, tung hoành trận mạc, quyết định trở thành một viên chép sử, để tự mình tìm hiểu những việc đã xảy ra trong thời gian nàng là Hoàng hậu, chép lại một chương trong cuộc đời Lý Chiêu Hoàng.
Nhưng ước muốn của Lê Tần còn nhiều hơn thế… 
" "
				    150				" "Sách tiếng Việt" "Manga - Comic" "Comic - Truyện Tranh" "Truyện Tranh Việt Nam" "58.650 đ" "69.000 đ"
https://www.fahasa.com/than-dong-dat-viet-78-am-muu-doc-duoc.html https://cdn0.fahasa.com/media/catalog/product/i/m/image_227237.jpg "

					Thần Đồng Đất Việt - Tập 78: Âm Mưu Độc Dược				" "" "(0 đánh giá)" "null" "
				    Nhiều Tác Giả				" "
				    NXB Đại Học Sư Phạm				" "
				    07-2012				" "
				    18 x 11				" "
				    Bìa Mềm				" "
Thần Đồng Đất Việt 78 - Âm Mưu Độc Dược
Không thu phục được Trạng, vua tôi bàn kế mưu hại! Độc dược chuốc vào, giữa đường bộc phát! Cỗ xe bốc hỏa, số phận Trạng Tí thế nào? Đọc và khám phá âm mưu hãm hại nhân tài nước Nam của triều đình phương Bắc nhé! 
" "null" "Sách tiếng Việt" "Manga - Comic" "Comic - Truyện Tranh" "Truyện Tranh Việt Nam" "9.000 đ" "10.000 đ"
https://www.fahasa.com/than-dong-dat-viet-107-chen-ruou-an-the.html https://cdn0.fahasa.com/media/catalog/product/i/m/image_59649.jpg "

					Thần Đồng Đất Việt - Tập 107: Chén Rượu Ăn Thề				" "" "(0 đánh giá)" "null" "
				    Nhiều Tác Giả				" "
				    NXB Đại Học Sư Phạm				" "
				    06-2011				" "
				    18 x 11				" "
				    Bìa Mềm				" "
Thần Đồng Đất Việt 107 - Chén Rượu Ăn ThềTrước nạn chạy chọt đút lót để đỗ kỳ thi, hay như mượn chỗ thân tình và cả uy quyền để làm điều thiên vị, trạng Tí quyết nghĩ kế bài trừ.Mời các bạn đón xem buổi lễ cắt máu ăn thề, hứa công minh liêm chính của ban giám khảo ở trường thi. 
" "
				    116				" "Sách tiếng Việt" "Manga - Comic" "Comic - Truyện Tranh" "Truyện Tranh Việt Nam" "9.000 đ" "10.000 đ"
