Href, ImageUrl, Title, Rating, NumRatings, DataSupplier, DataAuthor, DataPublisher, DataPublishYear, DataSize, DataBookLayout, Des, DataQtyOfPage, Cate0, Cate1, Cate2, Cate3, PriceSpecial, PriceOld
https://www.fahasa.com/cau-be-rong-tap-69-hoc-tro-quan-thai-y-tai-ban-2020.html https://cdn0.fahasa.com/media/catalog/product/i/m/image_195509_1_36554_1.jpg "

					Cậu Bé Rồng Tập 69 - Học Trò Quan Thái Y (Tái Bản 2020)				" "" "(0 đánh giá)" "null" "
				    Kim Khánh				" "
				    NXB Kim Đồng				" "
				    2020				" "
				    17.5 x 11.5 x 0.4 cm				" "
				    Bìa Mềm				" "
Cậu bé Rồng là bộ truyện tranh thiếu nhi nhiều tập của Việt Nam.
Tác giả Kim Khánh với nét vẽ điêu luyện họa lên câu chuyện vừa vui nhộn vừa mang tính giáo dục.
Bộ truyện đặc sắc nói về trí thông minh của người Việt, sẽ giúp bạn đọc có những giây phút thư giãn thú vị. 
" "
				    100				" "Sách tiếng Việt" "Manga - Comic" "Comic - Truyện Tranh" "Truyện Tranh Việt Nam" "9.000 đ" "10.000 đ"
https://www.fahasa.com/cau-be-rong-t219-hoa-phong-394013.html https://cdn0.fahasa.com/media/catalog/product/9/7/9786042250887.jpg "

					Cậu Bé Rồng - Tập 219: Hỏa Phong				" "" "(0 đánh giá)" "null" "
				    Kim Khánh				" "
				    NXB Đồng Nai				" "
				    2022				" "
				    17.5 x 11.5 x 0.5 cm				" "
				    Bìa Mềm				" "
Cậu Bé Rồng - Tập 219: Hỏa Phong
Cậu bé Rồng là bộ truyện tranh thiếu nhi nhiều tập của Việt Nam.
Tác giả Kim Khánh với nét vẽ điêu luyện họa lên câu chuyện vừa vui nhộn vừa mang tính giáo dục.
Bộ truyện đặc sắc nói về trí thông minh của người Việt, sẽ giúp bạn đọc có những giây phút thư giãn thú vị. 
" "
				    120				" "Sách tiếng Việt" "Manga - Comic" "Comic - Truyện Tranh" "Truyện Tranh Việt Nam" "9.000 đ" "10.000 đ"
https://www.fahasa.com/nguoi-truong-thanh-cung-muon-khoc-tap-1.html https://cdn0.fahasa.com/media/catalog/product/n/g/ng_i-tr_ng-th_nh-c_ng-mu_n-kh_c-t1.jpg "

					Người Trưởng Thành Cũng Muốn Khóc - Tập 1				" "" "(0 đánh giá)" "
Skybooks " "
				    Angelado				" "
				    Phụ Nữ Việt Nam				" "
				    2024				" "
				    15 x 15 x 1.2 cm				" "
				    Bìa Mềm				" "
Người Trưởng Thành Cũng Muốn Khóc - Tập 1
NGƯỜI TRƯỞNG THÀNH CŨNG MUỐN KHÓC – TRUYỆN TRANH DÀNH CHO LỨA TUỔI CÓ “CỘT SỐNG” KHÔNG ỔN TÍ NÀO - TẬP 1
Mỗi ngày chúng ta phải đối mặt với hàng tá những muộn phiền, trăm thứ cần giải quyết, tỉ thứ phải lo toan. Nhưng nếu bạn cứ mãi loay hoay trong mớ hỗn độn ấy thì sẽ càng mệt mỏi hơn thôi. Vậy nên Angelao ở đây để mang lại cho bạn những phút giây thư giãn, vui vẻ bằng những trang sách hài hước, độc nhất vô nhị về “thế giới” của người lớn.
“Người trưởng thành cũng muốn khóc” không phải là thuốc nhưng có thể thay thế “thuốc chữa buồn”, Angelado sẽ giúp đời sống tinh thần của bạn trở nên chất lượng hơn bằng những giây phút cười sảng khoái cùng với 248 trang sách là 248 câu chuyện dở khóc dở cười.
Từ cuộc sống của người trưởng thành “bình thường” đến người trưởng thành trong bộ vest “công sở” có giống như bạn hình dung? Đây là cuốn sách update cuộc sống của “người lớn” một cách thần tốc, một cuốn sách mặn mà đưa chuyện buồn thành chuyện buồn cười, giúp góc nhìn của bạn về cuộc sống này trở nên tích cực hơn.
- “Cô ơi cho cháu một bát phở không hành nhé - Vì đời đã hành cháu quá nhiều rồi”
- Bố mẹ tôi khi hai mấy tuổi: Anh à, em nghĩ mình nên vay tiền mua mảnh đất này rồi đi làm trả nợ dần - Anh cũng nghĩ vậy, có nhà rồi an cư mới lạc nghiệp, có của ăn của để cho con cái sau này…
Còn tôi khi hai mấy tuổi: Tháng này chắc mình phải đi vay để ăn tiêu… Xong lương tháng về thì đập vào trả nợ là được - Đã có gia đình con cái gì đâu mà phải lo
- Làm vừa thôi con, tiền nhiều cũng chẳng để làm gì. Giữ lấy sức khỏe, mệt quá ở nhà mẹ nuôi.
Đến khi tôi nghỉ việc ở nhà: Con với chả cái, suốt ngày ở nhà ăn bám - Ở nhà yếu người đi chứ làm cái gì… Nhìn con nhà người ta kia kìa!
- Chị ơi, bao giờ em được thanh toán khoản hôm trước em tạm ứng mua đồ cho công ty ạ?
Bao giờ chị đi đẻ xong em nhé!
- ...
“Thì ra là vậy”, “Ồ, hóa ra họ cũng có nhiều áp lực”, “Câu chuyện muôn thuở khi đi làm”, ... sẽ còn nhiều câu cảm thán hơn khi bạn lật giở từng trang sách; cùng với ngòi bút của Angelado, bạn sẽ được ngồi trên chuyến tàu lượn siêu tốc du hành, trải nghiệm và khám phá thế giới của người trưởng thành. 
" "
				    248				" "Sách tiếng Việt" "Manga - Comic" "Comic - Truyện Tranh" "Truyện Tranh Việt Nam" "91.800 đ" "108.000 đ"
https://www.fahasa.com/trang-quynh-t17-tho-trong-van-thieng-mau.html https://cdn0.fahasa.com/media/catalog/product/9/7/9786043631210_1.jpg "

					Truyện Tranh Trạng Quỳnh - Tập 17: Thơ Trống Vần Thiêng (In Màu)				" "" "(0 đánh giá)" "null" "
				    Kim Khánh				" "
				    Đồng Nai				" "
				    2022				" "
				    17.5 x 11.5 x 0.5 cm				" "
				    Bìa Mềm				" "
Truyện Tranh Trạng Quỳnh - Tập 17: Thơ Trống Vần Thiêng (In Màu)
Trạng Quỷnh là một bộ truyện tranh thiếu nhi nhiều tập của Việt Nam, tập truyện đầu tiên mang tên Sao sáng xứ Thanh được Nhà xuất bản Đồng Nai phát hành giữa tháng 6 năm 2003.
Ban đầu tác phẩm được đặt là Trạng Quỳnh (từ tập 1 đến tập 24), còn từ tập 25 trở đi thì đặt tên là Trạng Quỷnh.
Tác phẩm được thực hiện bởi tác giả Kim Khánh.
Truyện lấy bối cảnh vào thời chúa Nguyễn, dưới thời chúa Nguyễn Phúc Khoát, nhưng những sự kiện xảy ra trong truyện không trùng lặp với những sự kiện xảy ra trên thực tế. Tác phẩm này ban đầu kể lại về cuộc đời của Trạng Quỳnh - một người có tính cách trào phúng dân gian Việt Nam. Trong truyện này, Trạng Quỳnh vốn thông minh từ trong bụng mẹ.
Trước khi cậu sinh ra, một lần bà mẹ ra ao giặt đồ, bỗng nhìn thấy một chú vịt, bà mẹ liền ngâm câu thơ, và lập tức có tiếng đối đáp lại trong bụng vịt.
Bà cho rằng đó là điềm lạ, nghĩ rằng bà sẽ sinh ra một quý tử, hiểu biết hơn người, sẽ là người có tiếng tăm. Thời gian trôi qua, bà hạ sinh một bé trai, tư dung thông minh lạ thường, đặt tên là Quỳnh. 
" "
				    96				" "Sách tiếng Việt" "Manga - Comic" "Comic - Truyện Tranh" "Truyện Tranh Việt Nam" "13.500 đ" "15.000 đ"
https://www.fahasa.com/cau-be-rong-t192-mon-qua-cua-dai-bang-370098.html https://cdn0.fahasa.com/media/catalog/product/i/m/image_238979.jpg "

					Cậu Bé Rồng Tập 192 - Món Quà Của Đại Bàng				" "" "(0 đánh giá)" "null" "
				    Kim Khánh				" "
				    NXB Kim Đồng				" "
				    2021				" "
				    17.5 x 11.5 x 0.4 cm				" "
				    Bìa Mềm				" "
Cậu bé Rồng là bộ truyện tranh thiếu nhi nhiều tập của Việt Nam.
Tác giả Kim Khánh với nét vẽ điêu luyện họa lên câu chuyện vừa vui nhộn vừa mang tính giáo dục.
Bộ truyện đặc sắc nói về trí thông minh của người Việt, sẽ giúp bạn đọc có những giây phút thư giãn thú vị. 
" "
				    100				" "Sách tiếng Việt" "Manga - Comic" "Comic - Truyện Tranh" "Truyện Tranh Việt Nam" "9.000 đ" "10.000 đ"
https://www.fahasa.com/trang-quynh-t133-cuu-dong-song.html https://cdn0.fahasa.com/media/catalog/product/9/7/9786045298565.jpg "

					Trạng Quỷnh - Tập 133: Cứu Dòng Sông				" "" "(0 đánh giá)" "null" "
				    Kim Khánh				" "
				    Đồng Nai				" "
				    2020				" "
				    17.5 x 11.5 x 0.5 cm				" "
				    Bìa Mềm				" "
Trạng Quỷnh là một bộ truyện tranh thiếu nhi nhiều tập của Việt Nam, tập truyện đầu tiên mang tên Sao sáng xứ Thanh được Nhà xuất bản Đồng Nai phát hành giữa tháng 6 năm 2003.
Ban đầu tác phẩm được đặt là Trạng Quỳnh (từ tập 1 đến tập 24), còn từ tập 25 trở đi thì đặt tên là Trạng Quỷnh.
Tác phẩm được thực hiện bởi tác giả Kim Khánh. 
Truyện lấy bối cảnh vào thời chúa Nguyễn, dưới thời chúa Nguyễn Phúc Khoát, nhưng những sự kiện xảy ra trong truyện không trùng lặp với những sự kiện xảy ra trên thực tế. Tác phẩm này ban đầu kể lại về cuộc đời của Trạng Quỳnh - một người có tính cách trào phúng dân gian Việt Nam. Trong truyện này, Trạng Quỳnh vốn thông minh từ trong bụng mẹ.
Trước khi cậu sinh ra, một lần bà mẹ ra ao giặt đồ, bỗng nhìn thấy một chú vịt, bà mẹ liền ngâm câu thơ, và lập tức có tiếng đối đáp lại trong bụng vịt.
Bà cho rằng đó là điềm lạ, nghĩ rằng bà sẽ sinh ra một quý tử, hiểu biết hơn người, sẽ là người có tiếng tăm. Thời gian trôi qua, bà hạ sinh một bé trai, tư dung thông minh lạ thường, đặt tên là Quỳnh. 
" "
				    119				" "Sách tiếng Việt" "Manga - Comic" "Comic - Truyện Tranh" "Truyện Tranh Việt Nam" "10.800 đ" "12.000 đ"
https://www.fahasa.com/chuyen-cua-heo.html https://cdn0.fahasa.com/media/catalog/product/8/9/8936076831731.jpg "

					Chuyện Của Heo				" "5.0" "(1 đánh giá)" "
ZGROUP " "
				    Tuyệt Đỉnh Sinh Vật				" "
				    NXB Lao Động				" "
				    05-2016				" "
				    13 x 19 x 1				" "
				    Bìa Mềm				" "
		    Chuyện Của Heo
Đây không phải là cuốn truyện dành cho thiếu nhi, nó là cuốn sách dành cho những người lớn muốn tìm lại sự trẻ con trong chính mình.
Khi phải sống mỗi ngày, trưởng thành rồi ai cũng già đi.
Hơn cả một quyển sách, được sáng tạo cần mẫn và tỉ mỉ sản xuất. Như một món quà, để độc giả tự dành tặng niềm vui cho chính mình. Và gửi tặng những yêu thương. 
" "
				    144				" "Sách tiếng Việt" "Manga - Comic" "Comic - Truyện Tranh" "Truyện Tranh Việt Nam" "98.100 đ" "109.000 đ"
https://www.fahasa.com/gui-em.html https://cdn0.fahasa.com/media/catalog/product/9/7/9786049799013.jpg "

					Gửi Em - Bìa Cứng				" "" "(0 đánh giá)" "
				    CÔNG TY TNHH VĂN HÓA & TRUYỀN THÔNG DU BÚT				" "
				    Lê Thư				" "
				    Thanh Niên				" "
				    2023				" "
				    20.5 x 14.5 x 1.2 cm				" "
				    Bìa Cứng				" "
Gửi Em - Bìa Cứng
Trong một lần tình cờ bắt gặp món cà phê trứng, nhân vật chính - một nữ hoạ sĩ minh hoạ - chợt nhớ về một người bạn đã từng thân thiết. Bần thần và hốt hoảng khi ký ức về bạn dần phai nhạt, cô quyết định kể lại những mẩu chuyện nhỏ, những kỷ niệm tưởng chừng vụn vặt nhưng lại là những khoảnh khắc bình yên hiếm hoi của hai người trước cơn bão cuộc đời.
“Những kỷ niệm của chúng mình ngày ấy, chị đã bắt đầu nhớ nhớ quên quên. Trong phút chốc, chị đã hoảng hốt khi ngỡ… mình quên mất khuôn mặt em rồi”.
Gửi em là một câu chuyện cảm động về tình bạn, sự trưởng thành và vượt qua nỗi đau. Đó là nỗ lực của Lê Thư để biến những sự thương mến chưa kịp nói, những nỗi nhớ nhung, tiếc nuối thành một điều gì đó thật đẹp, thật tử tế. Một tác phẩm truyện tranh đáng yêu và chữa lành của Lê Thư, hân hạnh giới thiệu đến bạn đọc vào mùa hè này. 
" "
				    63				" "Sách tiếng Việt" "Manga - Comic" "Comic - Truyện Tranh" "Truyện Tranh Việt Nam" "90.000 đ" "100.000 đ"
https://www.fahasa.com/than-dong-dat-viet-mui-lai-hoan-mui.html https://cdn0.fahasa.com/media/catalog/product/i/m/image_139987.jpg "

					Thần Đồng Đất Việt - Tập 214: Mùi Lại Hoàn Mùi				" "" "(0 đánh giá)" "null" "
				    Nhiều Tác Giả				" "
				    NXB Đại Học Sư Phạm				" "
				    2017				" "
				    11 x 18				" "
				    Bìa Mềm				" "
Thần Đồng Đất Việt 214 - Mùi Lại Hoàn Mùi
Sinh thần cả Mẹo, Mùi mập nhà ta đã chuẩn bị một món quà thiệt to để thể hiện tình cảm siêu siêu bự của mình với anh Mẹo. Trên đường đi, Mùi vui như nở hoa trong bụng, ca hát líu lo, chắc rằng phen này sẽ làm anh Mẹo cảm động ngất xỉu!
Nhưng trời ơi! Mẹo chẳng những hổng vui mừng đến ngất xỉu, hổng thèm khen Mùi tiếng nào, lại còn lớn tiếng chê bai Mùi là đồ vô duyên, vô vị, vô dụng !!! Cuối cùng là tống Mùi ra khỏi nhà !!! Mẹo ác quá, ahuhu…
Dù đau thương tan nát hết ruột gan, nhưng Mùi mập hổng có dễ đầu hàng đâu nha! Nhờ sự giúp đỡ nhiệt tình của các quân sư… quạt mo: Sửu ẹo, Dần béo và dĩ nhiên là Trạng Tí, lần đầu tiên trong cuộc đời dài hơn… 200 tập, Mùi quyết tâm thay đổi chính mình!
Úi chà chà! Với bản tính ham ăn, mê ngủ, siêu vụng về, lại còn ngây thơ ngốc nghếch, Mùi đã làm gì để thay đổi đến 180 độ dzậy ta? Và với tính tình kiêu ngạo, liệu cậu ấm Mẹo có chịu cúi đầu xin lỗi Mùi? Cặp đôi hoàn cảnh! Tình huống trớ trêu! Liệu cả hai có cùng thay đổi?
Muốn biết thì tìm đọc ngay Thần Đồng Đất Việt 214: Mùi Lại Hoàn Mùi chứ còn sao nữa ! He he he ! Hôm nay 214 đã chính thức phát hành rồi bạn nha.

" "
				    132				" "Sách tiếng Việt" "Manga - Comic" "Comic - Truyện Tranh" "Truyện Tranh Việt Nam" "13.500 đ" "15.000 đ"
https://www.fahasa.com/cau-be-rong-tap-228-tieu-tien-mac-nan-tai-ban.html https://cdn0.fahasa.com/media/catalog/product/i/m/image_195509_1_46640_1.jpg "

					Cậu Bé Rồng Tập 228 - Tiểu Tiên Mắc Nạn (Tái Bản)				" "" "(0 đánh giá)" "null" "
				    Kim Khánh				" "
				    NXB Kim Đồng				" "
				    2020				" "
				    17.5 x 11.5 x 0.4 cm				" "
				    Bìa Mềm				" "
Cậu bé Rồng là bộ truyện tranh thiếu nhi nhiều tập của Việt Nam.
Tác giả Kim Khánh với nét vẽ điêu luyện họa lên câu chuyện vừa vui nhộn vừa mang tính giáo dục.
Bộ truyện đặc sắc nói về trí thông minh của người Việt, sẽ giúp bạn đọc có những giây phút thư giãn thú vị. 
" "
				    100				" "Sách tiếng Việt" "Manga - Comic" "Comic - Truyện Tranh" "Truyện Tranh Việt Nam" "9.000 đ" "10.000 đ"
https://www.fahasa.com/trang-quynh-t204-quat-than-cuu-than-quat.html https://cdn0.fahasa.com/media/catalog/product/9/7/9786045230459.jpg "

					Trạng Quỷnh Tập 204 - Quạt Thần Cứu Thần Quạt				" "" "(0 đánh giá)" "null" "
				    Kim Khánh				" "
				    NXB Đồng Nai				" "
				    2020				" "
				    17.5 x 11.5 x 0.5 vm				" "
				    Bìa Mềm				" "
Trạng Quỷnh Tập 204 - Quạt Thần Cứu Thần Quạt
Trạng Quỷnh là một bộ truyện tranh thiếu nhi nhiều tập của Việt Nam, tập truyện đầu tiên mang tên Sao sáng xứ Thanh được Nhà xuất bản Đồng Nai phát hành giữa tháng 6 năm 2003.
Ban đầu tác phẩm được đặt là Trạng Quỳnh (từ tập 1 đến tập 24), còn từ tập 25 trở đi thì đặt tên là Trạng Quỷnh.
Tác phẩm được thực hiện bởi tác giả Kim Khánh. 
Truyện lấy bối cảnh vào thời chúa Nguyễn, dưới thời chúa Nguyễn Phúc Khoát, nhưng những sự kiện xảy ra trong truyện không trùng lặp với những sự kiện xảy ra trên thực tế. Tác phẩm này ban đầu kể lại về cuộc đời của Trạng Quỳnh - một người có tính cách trào phúng dân gian Việt Nam. Trong truyện này, Trạng Quỳnh vốn thông minh từ trong bụng mẹ.
Trước khi cậu sinh ra, một lần bà mẹ ra ao giặt đồ, bỗng nhìn thấy một chú vịt, bà mẹ liền ngâm câu thơ, và lập tức có tiếng đối đáp lại trong bụng vịt.
Bà cho rằng đó là điềm lạ, nghĩ rằng bà sẽ sinh ra một quý tử, hiểu biết hơn người, sẽ là người có tiếng tăm. Thời gian trôi qua, bà hạ sinh một bé trai, tư dung thông minh lạ thường, đặt tên là Quỳnh. 
" "
				    120				" "Sách tiếng Việt" "Manga - Comic" "Comic - Truyện Tranh" "Truyện Tranh Việt Nam" "10.800 đ" "12.000 đ"
https://www.fahasa.com/than-dong-dat-viet-218-loc-troi-kho-nuot.html https://cdn0.fahasa.com/media/catalog/product/8/9/8936071293664.jpg "

					Thần Đồng Đất Việt - Tập 218: Lộc Trời Khó Nuốt				" "" "(0 đánh giá)" "null" "null" "
				    NXB Đại Học Sư Phạm TPHCM				" "
				    2018				" "
				    18 x 11 x 0.5 cm				" "
				    Bìa Mềm				" "
Thần Đồng Đất Việt 218: Lộc Trời Khó Nuốt!
Một câu chuyện thú vị, gay cấn và vui nhộn đang chờ đón bạn !!! 
" "null" "Sách tiếng Việt" "Manga - Comic" "Comic - Truyện Tranh" "Truyện Tranh Việt Nam" "13.500 đ" "15.000 đ"
https://www.fahasa.com/trang-quynh-t18-dai-tiec-quan-tau-mau.html https://cdn0.fahasa.com/media/catalog/product/9/7/9786043631227_1.jpg "

					Truyện Tranh Trạng Quỳnh - Tập 18: Đãi Tiệc Quan Tàu (In Màu)				" "" "(0 đánh giá)" "null" "
				    Kim Khánh				" "
				    Đồng Nai				" "
				    2022				" "
				    17.5 x 11.5 x 0.5 cm				" "
				    Bìa Mềm				" "
Truyện Tranh Trạng Quỳnh - Tập 18: Đãi Tiệc Quan Tàu (In Màu)
Trạng Quỷnh là một bộ truyện tranh thiếu nhi nhiều tập của Việt Nam, tập truyện đầu tiên mang tên Sao sáng xứ Thanh được Nhà xuất bản Đồng Nai phát hành giữa tháng 6 năm 2003.
Ban đầu tác phẩm được đặt là Trạng Quỳnh (từ tập 1 đến tập 24), còn từ tập 25 trở đi thì đặt tên là Trạng Quỷnh.
Tác phẩm được thực hiện bởi tác giả Kim Khánh.
Truyện lấy bối cảnh vào thời chúa Nguyễn, dưới thời chúa Nguyễn Phúc Khoát, nhưng những sự kiện xảy ra trong truyện không trùng lặp với những sự kiện xảy ra trên thực tế. Tác phẩm này ban đầu kể lại về cuộc đời của Trạng Quỳnh - một người có tính cách trào phúng dân gian Việt Nam. Trong truyện này, Trạng Quỳnh vốn thông minh từ trong bụng mẹ.
Trước khi cậu sinh ra, một lần bà mẹ ra ao giặt đồ, bỗng nhìn thấy một chú vịt, bà mẹ liền ngâm câu thơ, và lập tức có tiếng đối đáp lại trong bụng vịt.
Bà cho rằng đó là điềm lạ, nghĩ rằng bà sẽ sinh ra một quý tử, hiểu biết hơn người, sẽ là người có tiếng tăm. Thời gian trôi qua, bà hạ sinh một bé trai, tư dung thông minh lạ thường, đặt tên là Quỳnh. 
" "
				    84				" "Sách tiếng Việt" "Manga - Comic" "Comic - Truyện Tranh" "Truyện Tranh Việt Nam" "13.500 đ" "15.000 đ"
https://www.fahasa.com/trang-quynh-t178-ao-thuat-gia.html https://cdn0.fahasa.com/media/catalog/product/9/7/9786045297926.jpg "

					Trạng Quỷnh - Tập 178: Ảo Thuật Gia				" "" "(0 đánh giá)" "null" "
				    Kim Khánh				" "
				    Đồng Nai				" "
				    2020				" "
				    17.5 x 11.5 x 0.5 cm				" "
				    Bìa Mềm				" "
Trạng Quỷnh là một bộ truyện tranh thiếu nhi nhiều tập của Việt Nam, tập truyện đầu tiên mang tên Sao sáng xứ Thanh được Nhà xuất bản Đồng Nai phát hành giữa tháng 6 năm 2003.
Ban đầu tác phẩm được đặt là Trạng Quỳnh (từ tập 1 đến tập 24), còn từ tập 25 trở đi thì đặt tên là Trạng Quỷnh.
Tác phẩm được thực hiện bởi tác giả Kim Khánh. 
Truyện lấy bối cảnh vào thời chúa Nguyễn, dưới thời chúa Nguyễn Phúc Khoát, nhưng những sự kiện xảy ra trong truyện không trùng lặp với những sự kiện xảy ra trên thực tế. Tác phẩm này ban đầu kể lại về cuộc đời của Trạng Quỳnh - một người có tính cách trào phúng dân gian Việt Nam. Trong truyện này, Trạng Quỳnh vốn thông minh từ trong bụng mẹ.
Trước khi cậu sinh ra, một lần bà mẹ ra ao giặt đồ, bỗng nhìn thấy một chú vịt, bà mẹ liền ngâm câu thơ, và lập tức có tiếng đối đáp lại trong bụng vịt.
Bà cho rằng đó là điềm lạ, nghĩ rằng bà sẽ sinh ra một quý tử, hiểu biết hơn người, sẽ là người có tiếng tăm. Thời gian trôi qua, bà hạ sinh một bé trai, tư dung thông minh lạ thường, đặt tên là Quỳnh. 
" "
				    120				" "Sách tiếng Việt" "Manga - Comic" "Comic - Truyện Tranh" "Truyện Tranh Việt Nam" "10.800 đ" "12.000 đ"
https://www.fahasa.com/truyen-tranh-trang-quynh-tap-276-toi-tay-troi-372102.html https://cdn0.fahasa.com/media/catalog/product/i/m/image_239952.jpg "

					Truyện Tranh Trạng Quỷnh - Tập 276: Tội Tày Trời				" "" "(0 đánh giá)" "null" "
				    Kim Khánh				" "
				    NXB Đồng Nai				" "
				    2020				" "
				    17.5 x 11.5 x 0.5 cm				" "
				    Bìa Mềm				" "
Trạng Quỷnh là một bộ truyện tranh thiếu nhi nhiều tập của Việt Nam, tập truyện đầu tiên mang tên Sao sáng xứ Thanh được Nhà xuất bản Đồng Nai phát hành giữa tháng 6 năm 2003.
Ban đầu tác phẩm được đặt là Trạng Quỳnh (từ tập 1 đến tập 24), còn từ tập 25 trở đi thì đặt tên là Trạng Quỷnh.
Tác phẩm được thực hiện bởi tác giả Kim Khánh.
Truyện lấy bối cảnh vào thời chúa Nguyễn, dưới thời chúa Nguyễn Phúc Khoát, nhưng những sự kiện xảy ra trong truyện không trùng lặp với những sự kiện xảy ra trên thực tế. Tác phẩm này ban đầu kể lại về cuộc đời của Trạng Quỳnh - một người có tính cách trào phúng dân gian Việt Nam. Trong truyện này, Trạng Quỳnh vốn thông minh từ trong bụng mẹ.
Trước khi cậu sinh ra, một lần bà mẹ ra ao giặt đồ, bỗng nhìn thấy một chú vịt, bà mẹ liền ngâm câu thơ, và lập tức có tiếng đối đáp lại trong bụng vịt.
Bà cho rằng đó là điềm lạ, nghĩ rằng bà sẽ sinh ra một quý tử, hiểu biết hơn người, sẽ là người có tiếng tăm. Thời gian trôi qua, bà hạ sinh một bé trai, tư dung thông minh lạ thường, đặt tên là Quỳnh. 
" "
				    100				" "Sách tiếng Việt" "Manga - Comic" "Comic - Truyện Tranh" "Truyện Tranh Việt Nam" "10.800 đ" "12.000 đ"
https://www.fahasa.com/cau-be-rong-tap-127-tien-don-1.html https://cdn0.fahasa.com/media/catalog/product/8/9/8935036699848.jpg "

					Cậu Bé Rồng Tập 127 - Tiền Đồn 1				" "" "(0 đánh giá)" "null" "
				    Kim Khánh				" "
				    NXB Kim Đồng				" "
				    2015				" "
				    11.5 x 17.5				" "
				    Bìa Mềm				" "
Cậu Bé Rồng Tập 127 - Tiền Đồn 1 
" "
				    100				" "Sách tiếng Việt" "Manga - Comic" "Comic - Truyện Tranh" "Truyện Tranh Việt Nam" "7.200 đ" "8.000 đ"
https://www.fahasa.com/trang-quynh-t19-dao-truong-tho-mau.html https://cdn0.fahasa.com/media/catalog/product/9/7/9786043631234_1.jpg "

					Truyện Tranh Trạng Quỳnh - Tập 19: Đào Trường Thọ (In Màu)				" "" "(0 đánh giá)" "null" "
				    Kim Khánh				" "
				    Đồng Nai				" "
				    2022				" "
				    17.5 x 11.5 x 0.5 cm				" "
				    Bìa Mềm				" "
Truyện Tranh Trạng Quỳnh - Tập 19: Đào Trường Thọ (In Màu)
Trạng Quỷnh là một bộ truyện tranh thiếu nhi nhiều tập của Việt Nam, tập truyện đầu tiên mang tên Sao sáng xứ Thanh được Nhà xuất bản Đồng Nai phát hành giữa tháng 6 năm 2003.
Ban đầu tác phẩm được đặt là Trạng Quỳnh (từ tập 1 đến tập 24), còn từ tập 25 trở đi thì đặt tên là Trạng Quỷnh.
Tác phẩm được thực hiện bởi tác giả Kim Khánh.
Truyện lấy bối cảnh vào thời chúa Nguyễn, dưới thời chúa Nguyễn Phúc Khoát, nhưng những sự kiện xảy ra trong truyện không trùng lặp với những sự kiện xảy ra trên thực tế. Tác phẩm này ban đầu kể lại về cuộc đời của Trạng Quỳnh - một người có tính cách trào phúng dân gian Việt Nam. Trong truyện này, Trạng Quỳnh vốn thông minh từ trong bụng mẹ.
Trước khi cậu sinh ra, một lần bà mẹ ra ao giặt đồ, bỗng nhìn thấy một chú vịt, bà mẹ liền ngâm câu thơ, và lập tức có tiếng đối đáp lại trong bụng vịt.
Bà cho rằng đó là điềm lạ, nghĩ rằng bà sẽ sinh ra một quý tử, hiểu biết hơn người, sẽ là người có tiếng tăm. Thời gian trôi qua, bà hạ sinh một bé trai, tư dung thông minh lạ thường, đặt tên là Quỳnh. 
" "
				    96				" "Sách tiếng Việt" "Manga - Comic" "Comic - Truyện Tranh" "Truyện Tranh Việt Nam" "13.500 đ" "15.000 đ"
https://www.fahasa.com/than-dong-dat-viet-tap-222-tieu-dong-dau-rach.html https://cdn0.fahasa.com/media/catalog/product/i/m/image_195509_1_10367.jpg "

					Thần Đồng Đất Việt - Tập 222: Tiểu Đồng Dậu Rách				" "" "(0 đánh giá)" "null" "
				    Lê Linh				" "
				    NXB Đại Học Sư Phạm				" "
				    2018				" "
				    11 x 18 cm				" "
				    Bìa Mềm				" "
Thần Đồng Đất Việt -Tập 222: Tiểu Đồng Dậu Rách
Trạng Tí, nhân vật chính của bộ truyện tranh Thần Đồng Đất Việt, là một vị thần uyên bác trên Thiên Đình, được Ngọc Hoàng sai xuống giúp nước Nam giữ yên bờ cõi, mở mang tri thức cho người phương Nam. Đầu thai vào một phụ nữ chân quê người làng Phan Thị, cậu bé Lê Tí thông minh, tài trí, linh lợi, thiện lương đã cùng 3 người bạn thân Sửu, Dần, Mẹo tham gia vào bao trò vui ở làng, giúp dân làng vượt qua nhiều phen khốn khó, hỗ trợ triều đình Đại Việt trong mọi tình huống nguy nan…
Thần Đồng Đất Việt kể lại những chuyện xưa tích cũ của các quan trạng tài giỏi nước Việt, thông qua hình ảnh cậu bé Trạng Tí thông minh, đáng yêu. Qua đó, trí tuệ Việt được tô điểm, tinh thần Việt được nâng cao.
Bằng trí thông minh của mình, Trạng Tí đã bao phen chuyển bại thành thắng, bày trò cho Bắc quốc thua ngả nghiêng. Những cuộc đối đáp tài tình của các quan trạng đi sứ ngày xưa thể hiện qua ứng xử thông minh, quyền biến của Trạng Tí, khiến người đọc hiểu hơn về tài năng của các tiền nhân nước Việt. 
" "
				    136				" "Sách tiếng Việt" "Manga - Comic" "Comic - Truyện Tranh" "Truyện Tranh Việt Nam" "13.500 đ" "15.000 đ"
https://www.fahasa.com/trang-quynh-t242-cuc-cung-di-lac.html https://cdn0.fahasa.com/media/catalog/product/9/7/9786045298008.jpg "

					Trạng Quỷnh - Tập 242: Cục Cưng Đi Lạc				" "" "(0 đánh giá)" "null" "
				    Kim Khánh				" "
				    Đồng Nai				" "
				    2020				" "
				    17.5 x 11.5 x 0.5 cm				" "
				    Bìa Mềm				" "
Trạng Quỷnh là một bộ truyện tranh thiếu nhi nhiều tập của Việt Nam, tập truyện đầu tiên mang tên Sao sáng xứ Thanh được Nhà xuất bản Đồng Nai phát hành giữa tháng 6 năm 2003.
Ban đầu tác phẩm được đặt là Trạng Quỳnh (từ tập 1 đến tập 24), còn từ tập 25 trở đi thì đặt tên là Trạng Quỷnh.
Tác phẩm được thực hiện bởi tác giả Kim Khánh. 
Truyện lấy bối cảnh vào thời chúa Nguyễn, dưới thời chúa Nguyễn Phúc Khoát, nhưng những sự kiện xảy ra trong truyện không trùng lặp với những sự kiện xảy ra trên thực tế. Tác phẩm này ban đầu kể lại về cuộc đời của Trạng Quỳnh - một người có tính cách trào phúng dân gian Việt Nam. Trong truyện này, Trạng Quỳnh vốn thông minh từ trong bụng mẹ.
Trước khi cậu sinh ra, một lần bà mẹ ra ao giặt đồ, bỗng nhìn thấy một chú vịt, bà mẹ liền ngâm câu thơ, và lập tức có tiếng đối đáp lại trong bụng vịt.
Bà cho rằng đó là điềm lạ, nghĩ rằng bà sẽ sinh ra một quý tử, hiểu biết hơn người, sẽ là người có tiếng tăm. Thời gian trôi qua, bà hạ sinh một bé trai, tư dung thông minh lạ thường, đặt tên là Quỳnh. 
" "
				    120				" "Sách tiếng Việt" "Manga - Comic" "Comic - Truyện Tranh" "Truyện Tranh Việt Nam" "10.800 đ" "12.000 đ"
https://www.fahasa.com/trang-quynh-t144-cay-but-than.html https://cdn0.fahasa.com/media/catalog/product/9/7/9786045298671.jpg "

					Trạng Quỷnh - Tập 144: Cây Bút Thần				" "" "(0 đánh giá)" "null" "
				    Kim Khánh				" "
				    Đồng Nai				" "
				    2020				" "
				    17.5 x 11.5 x 0.5 cm				" "
				    Bìa Mềm				" "
Trạng Quỷnh là một bộ truyện tranh thiếu nhi nhiều tập của Việt Nam, tập truyện đầu tiên mang tên Sao sáng xứ Thanh được Nhà xuất bản Đồng Nai phát hành giữa tháng 6 năm 2003.
Ban đầu tác phẩm được đặt là Trạng Quỳnh (từ tập 1 đến tập 24), còn từ tập 25 trở đi thì đặt tên là Trạng Quỷnh.
Tác phẩm được thực hiện bởi tác giả Kim Khánh. 
Truyện lấy bối cảnh vào thời chúa Nguyễn, dưới thời chúa Nguyễn Phúc Khoát, nhưng những sự kiện xảy ra trong truyện không trùng lặp với những sự kiện xảy ra trên thực tế. Tác phẩm này ban đầu kể lại về cuộc đời của Trạng Quỳnh - một người có tính cách trào phúng dân gian Việt Nam. Trong truyện này, Trạng Quỳnh vốn thông minh từ trong bụng mẹ.
Trước khi cậu sinh ra, một lần bà mẹ ra ao giặt đồ, bỗng nhìn thấy một chú vịt, bà mẹ liền ngâm câu thơ, và lập tức có tiếng đối đáp lại trong bụng vịt.
Bà cho rằng đó là điềm lạ, nghĩ rằng bà sẽ sinh ra một quý tử, hiểu biết hơn người, sẽ là người có tiếng tăm. Thời gian trôi qua, bà hạ sinh một bé trai, tư dung thông minh lạ thường, đặt tên là Quỳnh. 
" "
				    119				" "Sách tiếng Việt" "Manga - Comic" "Comic - Truyện Tranh" "Truyện Tranh Việt Nam" "10.800 đ" "12.000 đ"
https://www.fahasa.com/truyen-tranh-trang-quynh-tap-285-cau-troi-khong-cho.html https://cdn0.fahasa.com/media/catalog/product/i/m/image_239954.jpg "

					Truyện Tranh Trạng Quỷnh - Tập 285: Cầu Trời Không Cho				" "" "(0 đánh giá)" "null" "
				    Kim Khánh				" "
				    NXB Đồng Nai				" "
				    2020				" "
				    17.5 x 11.5 x 0.5 cm				" "
				    Bìa Mềm				" "
Trạng Quỷnh là một bộ truyện tranh thiếu nhi nhiều tập của Việt Nam, tập truyện đầu tiên mang tên Sao sáng xứ Thanh được Nhà xuất bản Đồng Nai phát hành giữa tháng 6 năm 2003.
Ban đầu tác phẩm được đặt là Trạng Quỳnh (từ tập 1 đến tập 24), còn từ tập 25 trở đi thì đặt tên là Trạng Quỷnh.
Tác phẩm được thực hiện bởi tác giả Kim Khánh.
Truyện lấy bối cảnh vào thời chúa Nguyễn, dưới thời chúa Nguyễn Phúc Khoát, nhưng những sự kiện xảy ra trong truyện không trùng lặp với những sự kiện xảy ra trên thực tế. Tác phẩm này ban đầu kể lại về cuộc đời của Trạng Quỳnh - một người có tính cách trào phúng dân gian Việt Nam. Trong truyện này, Trạng Quỳnh vốn thông minh từ trong bụng mẹ.
Trước khi cậu sinh ra, một lần bà mẹ ra ao giặt đồ, bỗng nhìn thấy một chú vịt, bà mẹ liền ngâm câu thơ, và lập tức có tiếng đối đáp lại trong bụng vịt.
Bà cho rằng đó là điềm lạ, nghĩ rằng bà sẽ sinh ra một quý tử, hiểu biết hơn người, sẽ là người có tiếng tăm. Thời gian trôi qua, bà hạ sinh một bé trai, tư dung thông minh lạ thường, đặt tên là Quỳnh. 
" "
				    100				" "Sách tiếng Việt" "Manga - Comic" "Comic - Truyện Tranh" "Truyện Tranh Việt Nam" "10.800 đ" "12.000 đ"
https://www.fahasa.com/tu-phu-xet-gia-tap-2.html https://cdn0.fahasa.com/media/catalog/product/t/u/tu-phu-xet-gia-2-b1.jpg "

					Tứ Phủ Xét Giả - Tập 2				" "" "(0 đánh giá)" "
CÔNG TY TNHH SÁCH & TRUYỀN THÔNG VIỆT NAM " "
				    Rover Studio				" "
				    Dân Trí				" "
				    2023				" "
				    20.5 x 14.5 x 1 cm				" "
				    Bìa Mềm				" "
Tứ Phủ Xét Giả - Tập 2
Cái chết của người thầy thân thiết, cô bạn thân từ nhỏ bị bắt cóc, muôn vàn chuyện quái dị xảy ra… kéo Long ngày một dấn thân vào thế giới của các xét giả.
Trong con đường hầm đi bộ tưởng như bỏ hoang, cuộc chiến giữa các thế lực thần thánh, yêu ma đã nổ ra. Một phe của những con người, những vị tướng tài được ban cho sức mạnh, một phe của những thế lực thần thánh. Liệu con người có thể chống lại số phận, giành lấy quyền tự quyết?
Tứ phủ xét giả ra mắt tập 2 với nhiều diễn biến mới. Sau lần suýt mất mạng, tính cách của Long đã có sự thay đổi nhưng một con người bình thường liệu có bắt kịp với nhịp độ của một chiến thần thánh đang diễn ra ngay trước mắt?
Tứ phủ xét giả là bộ truyện tranh dài tập của Rover Studio được xây dựng dựa trên thế giới giả tưởng nhưng có sự ảnh hưởng sâu sắc của văn hóa Việt Nam qua các chi tiết về tín ngưỡng Thờ Mẫu, quan niệm về các lực lượng siêu nhiên như Hắc - Bạch Vô Thường… Với cốt truyện nhiều bất ngờ và sự hòa quyện nhuần nhuyễn giữa nét vẽ hiện đại với những chi tiết mang âm hưởng văn hóa dân gian hứa hẹn sẽ mang đến một góc nhìn mới cho những câu chuyện của tác giả Việt. 
" "
				    212				" "Sách tiếng Việt" "Manga - Comic" "Comic - Truyện Tranh" "Truyện Tranh Việt Nam" "93.500 đ" "110.000 đ"
https://www.fahasa.com/than-dong-dat-viet-tap-215-ruoi-son-quy-tuong.html https://cdn0.fahasa.com/media/catalog/product/i/m/image_142293.jpg "

					Thần Đồng Đất Việt Tập 215 - Ruồi Son Quý Tướng				" "" "(0 đánh giá)" "null" "
				    Phan Thị				" "
				    NXB Đại Học Sư Phạm				" "
				    2017				" "
				    11 x 18				" "
				    Bìa Mềm				" "
Thần Đồng Đất Việt 215 - Ruồi Son Quý Tướng 
" "
				    135				" "Sách tiếng Việt" "Manga - Comic" "Comic - Truyện Tranh" "Truyện Tranh Việt Nam" "13.500 đ" "15.000 đ"
https://www.fahasa.com/mot-cuon-sach-khong-ve-co-vy.html https://cdn0.fahasa.com/media/catalog/product/m/o/mot-cuon-sach-khong-ve-co-vy-01.jpg "

					Một Cuốn Sách Không Về Cô Vy				" "" "(0 đánh giá)" "
Alpha Books " "
				    Trang Cho				" "
				    NXB Thanh Niên				" "
				    2020				" "
				    15 x 15 cm				" "
				    Bìa Mềm				" "
Một Cuốn Sách Không Về Cô Vy
Để không bỏ lỡ những ký ức có đắng cay, ngọt bùi, xen lẫn dí dỏm, ngộ nghĩnh trong giai đoạn dịch Covid-19 hoành hành, Ban Biên tập Sống phối hợp cùng Tác giả Trang CHO và nhóm Họa sĩ Tăng Quang – Tien Buj – Phạm Lâm – Lượn xuất bản cuốn sách tranh “Một cuốn sách không về Cô Vy” với mong muốn ghi lại những thay đổi trước và sau mùa dịch trong đời sống sinh hoạt, học tập, làm việc, các hoạt động vui chơi, giải trí của người dân Việt Nam. Bạn sẽ nhìn thấy đâu đó hình ảnh của mình qua từng trang sách, để rồi bất giác bật lên tiếng cười, khóc ra nước mắt, hay ngậm ngùi nhìn lại một chặng đường đã qua.
Trích đoạn:
 “Chào bạn,Trong nhân sinh đầy oái oăm này, có rất nhiều nhân vật “huyền thoại” mang họ Cô mà chỉ cần nhắc đến thôi đã… rùng mình! Những “Cô hàng xóm” mỗi độ xuân về lại cất vang bài ca: “Lương tháng bao nhiêu?”, “Bao giờ lấy chồng?”… Những “Cô hồn tháng Bảy” dù chưa thấy mặt đặt tên nhưng đều khiến chúng mình sợ hãi vì vận xui nối đuôi đến… Hay việc làm bạn với “Cô đơn” hơn hai chục năm cũng sẽ khiến những “cẩu độc thân” lo sợ chuyện lứa đôi. Nhưng xét về dòng họ Cô, những nhân vật kể trên chỉ là muỗi. Truyền thuyết kể lại rằng, Tết Nguyên Đán năm Canh Tý, ở “nhà hàng xóm” nổi lên một “gương mặt vàng trong làng virus”, họ Cô, tên Vy. Dân mình vẫn gọi thân thương là Cô Vy, chứ thật ra cô cũng có nhiều “nghệ danh” xứng tầm quốc tế, nào là Corona, Covid–19, rồi tên “cúng cơm” được Tổ chức Y tế Thế giới đặt là SARS-CoV-2. Nửa đầu năm 2020, cuộc sống của chúng mình đều bị điều chỉnh về chế độ Slow Motion, thay đổi đến mức chóng cả mặt. Một kỳ nghỉ Tết đếm mãi chẳng hết “mồng”, cả nước hình thành nếp sống mới – #stayhome, khẩu trang còn quý hơn vàng, sinh viên cả nước kêu khóc: “Bao giờ mới được đến trường, mới không phải học online?”, nhưng Cô Vy không muốn trả lời… Nghìn lẻ một đêm bên thềm mùa Covid, có đến cả “tấn, tạ, yến” ký ức đắng cay, ngọt bùi mà chúng mình chẳng thể nào quên mỗi khi nhắc nhớ về. Hy vọng cuốn sách sẽ đem lại cho bạn những phút giây sảng khoái; để bạn nhìn thấy bản thân trong từng tình huống hài hước, dở khóc dở cười mùa “Cô Vy”. Cùng nhau, chúng ta sẽ chiến thắng, còn chiến thắng ai thì chưa biết nè! Nhóm thực hiện Dự án”
Review Sách:
CÔ-RÔ-NA, KHÔNG SỢ NHA!
Vào thời điểm bạn cầm trên tay cuốn sách này, chúng tôi – đội ngũ Ban Biên tập Sống – Thương hiệu sách Tác giả Việt Nam đã có thể vui mừng thông báo với bạn rằng: “Việt Nam đã bước đầu khống chế thành công sự lây lan của dịch Covid-19”.
Năm 2020 xứng đáng là một trong những năm biến động nhất của thế kỷ 21 khi chỉ mới trong 3 tháng đầu năm, cả thế giới đã chật vật, chao đảo, cuồng quay trong dịch bệnh. Đã có không ít những ghi chép, báo cáo của các chuyên gia, các bản tin thời sự nói về mức độ nguy hiểm, thảm khốc mà dịch Covid-19 gây ra đối với sự sống còn của loài người. Mỗi khi nhắc tới cụm từ virus SARS-CoV-2, ai trong chúng ta cũng đều hoảng sợ, e dè trước số lượng người chết tăng theo cấp số nhân, các tâm dịch như Vũ Hán, Nhật Bản, Hàn Quốc, Anh, Mỹ, Ý,… ngày một lan rộng, người dân kẹt lại ở nước ngoài không thể trở về, gia đình ly tán,… Chúng ta đã sống trong sợ hãi như thế suốt mấy tháng trời.
Dịch bệnh thật khủng khiếp, nhưng nếu nhìn theo chiều hướng tích cực, nó chính là phép thử cho con người và nhắc nhở chúng ta cần chuẩn bị tâm lý vững chãi, kiên cường và những kỹ năng thiết yếu để sinh tồn.
Nhằm lan tỏa thông điệp tích cực, nhân văn như vậy về dịch bệnh, cuốn sách “Một cuốn sách không về Cô Vy” được thực hiện bởi Ban Biên tập Sống và nhóm tác giả - họa sĩ trẻ đã ra đời. Cuốn sách ghi lại 30 tình huống phổ biến dở khóc dở cười của người dân Việt Nam trong giai đoạn giãn cách xã hội, đặc biệt được ký họa bằng tranh minh họa nhí nhảnh xen lẫn lời văn dí dỏm, vui nhộn.
Cùng với nhiều cuốn sách khác về đại dịch Covid-19, cuốn sách ghi chép lại một giai đoạn quan trọng trong lịch sử loài người nói chung và đất nước Việt Nam nói riêng với cách triển khai mới mẻ, trẻ trung, hài hước nhằm lan tỏa thái độ tích cực và tinh thần dân tộc bất chấp bệnh dịch. Bạn sẽ nhìn thấy đâu đó hình ảnh của mình qua từng trang sách, để rồi bất giác bật lên tiếng cười, khóc ra nước mắt, hay ngậm ngùi nhìn lại một chặng đường đã qua.
Hiện nay, tình hình dịch bệnh trên thế giới vẫn còn diễn biến phức tạp. Cho dù không phải SARS-CoV-2, loài người sẽ còn phải đối mặt với nhiều hiểm họa virus mới khác trong tương lai. Để luôn sẵn sàng tâm thế ứng phó với dịch bệnh, bạn hãy tự giác nâng cao kiến thức y khoa và trang bị cho bản thân những kỹ năng cần thiết để bảo vệ mình và những người xung quanh nhé.
Cuốn sách “Một cuốn sách không về Cô Vy” muốn truyền tải tới độc giả một thông điệp mạnh mẽ, tích cực, đó là: Dù nghịch cảnh bủa vây, đừng tỏ ra nao núng, sợ hãi.
Hy vọng cuốn sách sẽ đem lại cho bạn những phút giây sảng khoái và bổ ích!
Cùng nhau, chúng ta sẽ chiến thắng Cô Vy! 
" "null" "Sách tiếng Việt" "Manga - Comic" "Comic - Truyện Tranh" "Truyện Tranh Việt Nam" "85.020 đ" "109.000 đ"
https://www.fahasa.com/cau-be-rong-t250-doi-hon.html https://cdn0.fahasa.com/media/catalog/product/9/7/9786042218733.jpg "

					Cậu Bé Rồng - Tập 250: Đòi Hồn				" "" "(0 đánh giá)" "null" "
				    Kim Khánh				" "
				    NXB Đồng Nai				" "
				    2021				" "
				    17.5 x 11.5 x 0.5 cm				" "
				    Bìa Mềm				" "
Cậu bé Rồng là bộ truyện tranh thiếu nhi nhiều tập của Việt Nam.
Tác giả Kim Khánh với nét vẽ điêu luyện họa lên câu chuyện vừa vui nhộn vừa mang tính giáo dục.
Bộ truyện đặc sắc nói về trí thông minh của người Việt, sẽ giúp bạn đọc có những giây phút thư giãn thú vị. 
" "
				    100				" "Sách tiếng Việt" "Manga - Comic" "Comic - Truyện Tranh" "Truyện Tranh Việt Nam" "9.000 đ" "10.000 đ"
https://www.fahasa.com/than-dong-dat-viet-tap-220-cong-phu-xa-bac.html https://cdn0.fahasa.com/media/catalog/product/u/n/untitled_2_5.png "

					Thần Đồng Đất Việt Tập 220  - Công Phu Xã Bạc				" "" "(0 đánh giá)" "null" "null" "
				    NXB Đại Học Sư Phạm				" "
				    2018				" "null" "
				    Bìa Mềm				" "
Thần Đồng Đất Việt Tập 220 - Công Phu Xã Bạc
Con sâu rượu của làng Phan Thị - lão Xã Bạc - lại gây chuyện !
Nhân lúc bà Tám đóng quán nghỉ một hộm, Xã Bạc kéo đám bạn nhậu mới kết thân về nhà bày tiệc nấu nướng tưng bừng, không may lửa bén, thiêu trụi căn bếp thần tài của bà Tám. Khỏi cần nói cũng đoán được cơn thịnh nộ của bà Tám ghê gớm cỡ nào, khiến cho hội bạn nhậu phải cuống cuồng ba chân bốn cẳng chạy trốn!
Vô tình bị bà Tám rượt đến chỗ bộ tứ Tí Sửu Dần Mẹo, biết được nỗi khổ của Xã Bạc, Cả Mẹo chợt thông minh nảy ra một ý, ngoài mặt là tạo cơ hội cho Xã Bạc kiếm chút tiền dựng lại căn bếp cho bà Tám, thực chất là giúp cha mình có thêm nhân công vốn đang thiếu hụt trầm trọng trong lúc vụ mùa khẩn trương.
Không  ngờ, chuyện khó tin nhưng có thật lại xảy ra. Bốn con ma men tưởng chừng vô dụng đó - bị Bá hộ Mão chê bai hết lời khi gặp mặt - lại làm nên kỳ tích, khiến Bá hộ Mão và bọn vô cùng kinh ngạc. Đặc biệt là Xã Bạc, trong lúc khẩn cấp lại xuất lộ công phu siêu phàm. Bản tính tham lam không đổi, Bá hộ Mão lại một phen toan tính bắt chẹt họ để thu lợi về mình.
Rốt cục, mưu kế của Bá hộ Mão có thành công không? Xã Bạc đã xuất ra công phu gì mà có vẻ khó tin như thế? Tí và các bạn đã làm gì để chặn đứng âm mưu của Bá hộ Mão,giúp Xã Bạc hoàn thành nhiệm vụ với bà Tám đây? 
" "
				    136				" "Sách tiếng Việt" "Manga - Comic" "Comic - Truyện Tranh" "Truyện Tranh Việt Nam" "13.500 đ" "15.000 đ"
https://www.fahasa.com/hotgirl-tac-ke-tap-2-chuyen-gia-ra-chuong.html https://cdn0.fahasa.com/media/catalog/product/i/m/image_195509_1_10370.jpg "

					Hotgirl Tắc Kè - Tập 2 : Chuyên Gia Ra Chưởng				" "" "(0 đánh giá)" "null" "
				    Lạc An, Bích Lam				" "
				    NXB Đại Học Sư Phạm				" "
				    2018				" "
				    14 x 20 cm				" "
				    Bìa Mềm				" "
Kết thúc tập 1, sau bao nhiêu nỗ lực sống ảo, hot girl triệu like nổi tiếng số một vũ trụ trên mạng xã hội Mina đã hiện nguyên hình là cô nàng mặt mụn học dốt Tưởng Mỹ Nhân trước anh bán chè Phù Khắc Nổi!
Kinh khủng hơn, vì lỡ lấy nhầm “bảo bối” và gây hấn với Nổi, Tưởng Mỹ Nhân phải đứng trước sự lựa chọn kì quặc: Chấp nhận một tên bán chè lề đường trở thành chuyên gia chăm sóc sắc đẹp hoặc danh tính thực sự của hot girl Mina có nguy cơ bị bại lộ trước bàn dân thiên hạ!
Nhượng bộ Nổi, hay tượng đài hot girl trên thế giới ảo sụp đổ?
Phù Khắc Nổi rốt cục là ai? Động cơ thực sự của hắn tiếp cận Mỹ Nhân là gì?
Cuộc sống của Tưởng Mỹ Nhân sẽ như thế nào khi phải phân thân sống ở hai thế giới thực và ảo?
Tập 2 Hot Girl Tắc Kè – CHUYÊN GIA RA CHƯỞNGsẽ giải đáp tất cả! 
" "
				    128				" "Sách tiếng Việt" "Manga - Comic" "Comic - Truyện Tranh" "Truyện Tranh Việt Nam" "31.500 đ" "35.000 đ"
https://www.fahasa.com/than-dong-dat-viet-tap-228-ngong-meo-dai-nao.html https://cdn0.fahasa.com/media/catalog/product/i/m/image_195509_1_10476.jpg "

					Thần Đồng Đất Việt -Tập 228: Ngỗng - Mèo Đại Náo				" "" "(0 đánh giá)" "null" "
				    Lê Linh				" "
				    NXB Đại Học Sư Phạm				" "
				    2019				" "
				    18 x 11 cm				" "
				    Bìa Mềm				" "
		    Thần Đồng Đất Việt -Tập 228: Ngỗng - Mèo Đại Náo		    
" "
				    136				" "Sách tiếng Việt" "Manga - Comic" "Comic - Truyện Tranh" "Truyện Tranh Việt Nam" "13.500 đ" "15.000 đ"
https://www.fahasa.com/truyen-tranh-trang-quynh-tap-373-phap-su-tra-thu-372049.html https://cdn0.fahasa.com/media/catalog/product/i/m/image_239899.jpg "

					Truyện Tranh Trạng Quỷnh - Tập 373: Pháp Sư Trả Thù				" "" "(0 đánh giá)" "null" "
				    Kim Khánh				" "
				    NXB Đồng Nai				" "
				    2020				" "
				    17.5 x 11.5 x 0.5 cm				" "
				    Bìa Mềm				" "
Trạng Quỷnh là một bộ truyện tranh thiếu nhi nhiều tập của Việt Nam, tập truyện đầu tiên mang tên Sao sáng xứ Thanh được Nhà xuất bản Đồng Nai phát hành giữa tháng 6 năm 2003.
Ban đầu tác phẩm được đặt là Trạng Quỳnh (từ tập 1 đến tập 24), còn từ tập 25 trở đi thì đặt tên là Trạng Quỷnh.
Tác phẩm được thực hiện bởi tác giả Kim Khánh.
Truyện lấy bối cảnh vào thời chúa Nguyễn, dưới thời chúa Nguyễn Phúc Khoát, nhưng những sự kiện xảy ra trong truyện không trùng lặp với những sự kiện xảy ra trên thực tế. Tác phẩm này ban đầu kể lại về cuộc đời của Trạng Quỳnh - một người có tính cách trào phúng dân gian Việt Nam. Trong truyện này, Trạng Quỳnh vốn thông minh từ trong bụng mẹ.
Trước khi cậu sinh ra, một lần bà mẹ ra ao giặt đồ, bỗng nhìn thấy một chú vịt, bà mẹ liền ngâm câu thơ, và lập tức có tiếng đối đáp lại trong bụng vịt.
Bà cho rằng đó là điềm lạ, nghĩ rằng bà sẽ sinh ra một quý tử, hiểu biết hơn người, sẽ là người có tiếng tăm. Thời gian trôi qua, bà hạ sinh một bé trai, tư dung thông minh lạ thường, đặt tên là Quỳnh. 
" "
				    100				" "Sách tiếng Việt" "Manga - Comic" "Comic - Truyện Tranh" "Truyện Tranh Việt Nam" "10.800 đ" "12.000 đ"
https://www.fahasa.com/gia-dinh-dzan-hoa-noi-tinh-yeu-bat-dau-bat-on.html https://cdn0.fahasa.com/media/catalog/product/g/i/gia-_nh-dz_n-ho_b_a.jpg "

					Gia Đình Dzăn Hoá - Nơi Tình Yêu Bắt Đầu Bất Ổn				" "" "(0 đánh giá)" "null" "
				    BT Studio				" "
				    Dân Trí				" "
				    2022				" "
				    19 x 15 x 0.8 cm				" "
				    Bìa Mềm				" "
Gia Đình Dzăn Hoá – Nơi Tình Yêu Bắt Đầu Bất Ổn
Team content, hoạ sĩ của BT Studio là dàn admin của fanpage giải trí có hàng trăm nghìn lượt follow - Gia Đình Dzăn Hoá. Đây là nơi ghi lại bằng tranh những câu chuyện, tình huống vui nhộn, thú vị trong cuộc sống thường ngày, của một gia đình “kiểu mẫu, mà bất cứ ai cũng thấy bóng dáng gia đình mình trong đó.
Giới thiệu nội dung sách
GIA ĐÌNH DZĂN HOÁ - NƠI TÌNH YÊU BẮT ĐẦU BẤT ỔN
Gắn kết yêu thương từ những điều nhỏ nhất!
Gia đình dzăn hoá là cuốn truyện tranh tổng hợp những mẩu chuyện nhỏ xoay quanh cuộc sống gia đình thường nhật của một gia đình “bất ổn, gồm 4 thành viên: Nguyễn Văn Bố, Hoàng Thị Mẹ - Cô Ba phú gia, Bé Hai và cậu út Mike. Thỉnh thoảng sẽ có sự góp mặt của dàn “khách mời đặc biệt” như ông ngoại cháy bá cháy, hoàng thượng Vàng và quý phi Đen…
Qua 8 chương sách, dàn admin và hoạ sĩ của fanpage giải trí “Gia đình dzăn hoá sẽ hé lộ chuyện tình “sóng gió của Văn Bố và Thị Mẹ từ thời quen nhau, yêu nhau, cưới nhau và… (đọc sách mới biết phần còn lại nhé)!
Không chỉ mang lại những tiếng cười sảng khoái qua các tình huống “dở khóc dở cười trong cuộc sống hôn nhân, gia đình. Cuốn sách còn nhắc nhở chúng ta dành nhiều thời gian hơn, quan tâm nhiều hơn tới những người thân yêu xung quanh.
Đọc để hiểu hơn những vất vả, hy sinh của bố mẹ, để yêu hơn những lần mẹ “cằn nhằn, thương hơn những lần bố “gắt gỏng vì lắng lo.
Đọc để hiểu hơn sự khác biệt thế hệ, để biết rằng con cái cũng có những góc nhìn và quan điểm riêng, không phải lúc nào cũng hợp ý bố mẹ nhưng không phải lúc nào cũng sai.
Đọc để thấy cuộc sống hôn nhân không hề dễ dàng, những khi tranh cãi, vụn vỡ là để giúp chúng ta thấu hiểu và cảm thông cho nhau nhiều hơn.
Đọc để yêu hơn những phút giây bình dị hàng ngày, khi chúng ta vẫn được ở bên cạnh những người thân thương…
Hy vọng cuốn sách sẽ mang lại cho bạn những phút giây giải trí, thư giãn, bên cạnh các gánh nặng nợ môn, điểm số, hạn chót nộp bài… 
" "
				    160				" "Sách tiếng Việt" "Manga - Comic" "Comic - Truyện Tranh" "Truyện Tranh Việt Nam" "107.100 đ" "119.000 đ"
https://www.fahasa.com/truyen-tranh-trang-quynh-tap-381-ong-sau-gan-310010.html https://cdn0.fahasa.com/media/catalog/product/e/e/eeeeeeeee_2_1.jpg "

					Truyện Tranh Trạng Quỷnh - Tập 381: Ông Sáu Gân				" "" "(0 đánh giá)" "null" "
				    Kim Khánh				" "
				    NXB Đồng Nai				" "
				    2020				" "
				    18 x 12 cm				" "
				    Bìa Mềm				" "
Trạng Quỷnh là một bộ truyện tranh thiếu nhi nhiều tập của Việt Nam, tập truyện đầu tiên mang tên Sao sáng xứ Thanh được Nhà xuất bản Đồng Nai phát hành giữa tháng 6 năm 2003.
Ban đầu tác phẩm được đặt là Trạng Quỳnh (từ tập 1 đến tập 24), còn từ tập 25 trở đi thì đặt tên là Trạng Quỷnh.
Tác phẩm được thực hiện bởi tác giả Kim Khánh. 
Truyện lấy bối cảnh vào thời chúa Nguyễn, dưới thời chúa Nguyễn Phúc Khoát, nhưng những sự kiện xảy ra trong truyện không trùng lặp với những sự kiện xảy ra trên thực tế. Tác phẩm này ban đầu kể lại về cuộc đời của Trạng Quỳnh - một người có tính cách trào phúng dân gian Việt Nam. Trong truyện này, Trạng Quỳnh vốn thông minh từ trong bụng mẹ.
Trước khi cậu sinh ra, một lần bà mẹ ra ao giặt đồ, bỗng nhìn thấy một chú vịt, bà mẹ liền ngâm câu thơ, và lập tức có tiếng đối đáp lại trong bụng vịt.
Bà cho rằng đó là điềm lạ, nghĩ rằng bà sẽ sinh ra một quý tử, hiểu biết hơn người, sẽ là người có tiếng tăm. Thời gian trôi qua, bà hạ sinh một bé trai, tư dung thông minh lạ thường, đặt tên là Quỳnh. 
" "
				    120				" "Sách tiếng Việt" "Manga - Comic" "Comic - Truyện Tranh" "Truyện Tranh Việt Nam" "10.800 đ" "12.000 đ"
https://www.fahasa.com/cau-be-rong-t252-quy-sa-mac.html https://cdn0.fahasa.com/media/catalog/product/9/7/9786042218757.jpg "

					Cậu Bé Rồng - Tập 252: Quỷ Sa Mạc				" "" "(0 đánh giá)" "null" "
				    Kim Khánh				" "
				    NXB Đồng Nai				" "
				    2021				" "
				    17.5 x 11.5 x 0.5 cm				" "
				    Bìa Mềm				" "
Cậu bé Rồng là bộ truyện tranh thiếu nhi nhiều tập của Việt Nam.
Tác giả Kim Khánh với nét vẽ điêu luyện họa lên câu chuyện vừa vui nhộn vừa mang tính giáo dục.
Bộ truyện đặc sắc nói về trí thông minh của người Việt, sẽ giúp bạn đọc có những giây phút thư giãn thú vị. 
" "
				    100				" "Sách tiếng Việt" "Manga - Comic" "Comic - Truyện Tranh" "Truyện Tranh Việt Nam" "9.000 đ" "10.000 đ"
https://www.fahasa.com/nghe-bao-toi-la-con-gai-cua-vua-tap-2.html https://cdn0.fahasa.com/media/catalog/product/i/m/image_188904.jpg "

					Nghe Bảo Tôi Là Con Gái Của Vua - Tập 2				" "" "(0 đánh giá)" "null" "
				    Bi Chu				" "
				    NXB Văn hóa Văn nghệ				" "
				    2019				" "
				    14.5 x 20.5 x 1.4				" "
				    Bìa Mềm				" "
Đang tận hưởng cuộc sống hạnh phúc viên mãn cùng người yêu, nữ chính bỗng rơi vào tình huống vô cùng oái ăm khi xuyên không trở thành một nàng công chúa. Những tưởng đây sẽ là một điều may mắn với cô khi được sống trong vương giả nhung lụa, chỉ tiếc cô đã xuyên đến một thế giới với tư tưởng trọng nam khinh nữ vô cùng kì quái. Liệu sự xuất hiện của cô công chúa nhỏ có thể thay đổi định kiến nặng nề và vận mệnh của chính minh?
Từng dẫn đầu nhiều bảng xếp hạng trên các nền tảng đọc truyện tranh, “Nghe bảo tôi là con gái vua” là bộ webtoon Hàn Quốc đình đám được Comicola mua bản quyền. Bộ truyện đứng thứ nhất trên bảng xếp hạng Tapas, đồng thời luôn nằm trong top các bộ webtoon ăn khách tại Trung, Hàn, Nhật hai năm gần đây.
Với nội dung siêu hài hước cùng những tình huống dở khóc dở cười, truyện đã nhận được nhiều độc giả quan tâm, đón đọc. Comicola là đơn vị duy nhất tại Việt Nam nắm giữ bản quyền tác phẩm. Sắp tới, bộ truyện sẽ được xuất bản và đến gần hơn với độc giả.  
" "
				    192				" "Sách tiếng Việt" "Manga - Comic" "Comic - Truyện Tranh" "Truyện Tranh Việt Nam" "85.500 đ" "95.000 đ"
https://www.fahasa.com/trang-quynh-tap-21-thua-giay-ve-voi.html https://cdn0.fahasa.com/media/catalog/product/9/7/9786043631258.jpg "

					Trạng Quỷnh - Tập 21: Thừa Giấy Vẽ Voi				" "" "(0 đánh giá)" "null" "
				    Kim Khánh				" "
				    Đồng Nai				" "
				    2022				" "
				    17.5 x 11.5 x 0.4 cm				" "
				    Bìa Mềm				" "
Trạng Quỷnh là một bộ truyện tranh thiếu nhi nhiều tập của Việt Nam, tập truyện đầu tiên mang tên Sao sáng xứ Thanh được Nhà xuất bản Đồng Nai phát hành giữa tháng 6 năm 2003.
Ban đầu tác phẩm được đặt là Trạng Quỳnh (từ tập 1 đến tập 24), còn từ tập 25 trở đi thì đặt tên là Trạng Quỷnh.
Tác phẩm được thực hiện bởi tác giả Kim Khánh.
Truyện lấy bối cảnh vào thời chúa Nguyễn, dưới thời chúa Nguyễn Phúc Khoát, nhưng những sự kiện xảy ra trong truyện không trùng lặp với những sự kiện xảy ra trên thực tế. Tác phẩm này ban đầu kể lại về cuộc đời của Trạng Quỳnh - một người có tính cách trào phúng dân gian Việt Nam. Trong truyện này, Trạng Quỳnh vốn thông minh từ trong bụng mẹ.
Trước khi cậu sinh ra, một lần bà mẹ ra ao giặt đồ, bỗng nhìn thấy một chú vịt, bà mẹ liền ngâm câu thơ, và lập tức có tiếng đối đáp lại trong bụng vịt.
Bà cho rằng đó là điềm lạ, nghĩ rằng bà sẽ sinh ra một quý tử, hiểu biết hơn người, sẽ là người có tiếng tăm. Thời gian trôi qua, bà hạ sinh một bé trai, tư dung thông minh lạ thường, đặt tên là Quỳnh. 
" "
				    120				" "Sách tiếng Việt" "Manga - Comic" "Comic - Truyện Tranh" "Truyện Tranh Việt Nam" "13.500 đ" "15.000 đ"
https://www.fahasa.com/nghe-bao-toi-la-con-gai-cua-vua-tap-3.html https://cdn0.fahasa.com/media/catalog/product/i/m/image_195509_1_11929.jpg "

					Nghe Bảo Tôi Là Con Gái Của Vua - Tập 3				" "" "(0 đánh giá)" "null" "
				    Ryen Ng				" "
				    NXB Văn Nghệ				" "
				    2019				" "
				    14.5 x 20.5 cm				" "
				    Bìa Mềm				" "
Nghe Bảo Tôi Là Con Gái Vua là bộ webtoon Hàn Quốc đình đám được Comicola mua bản quyền. Bộ truyện đứng thứ nhất trên bảng xếp hạng Tapas, đồng thời luôn nằm trong top các bộ webtoon ăn khách tại Trung, Hàn, Nhật hai năm gần đây. Với nội dung siêu hài hước cùng những tình huống dở khóc dở cười, truyện đã nhận được nhiều độc giả quan tâm, đón đọc. Comicola là đơn vị duy nhất tại Việt Nam nắm giữ bản quyền tác phẩm. Sắp tới, bộ truyện sẽ được xuất bản và đến gần hơn với độc giả.
Nghe Bảo Tôi Là Con Gái Vua nói về cô gái trẻ Kim Tú Vi đang tận hưởng cuộc sống hạnh phúc cùng người yêu, nữ chính bỗng rơi vào tình huống vô cùng oái ăm khi xuyên không trở thành một nàng công chúa. Những tưởng đây sẽ là một điều may mắn với cô khi được sống trong vương giả nhung lụa, chỉ tiếc cô đã xuyên đến một thế giới với tư tưởng trọng nam khinh nữ vô cùng kì quái. Liệu sự xuất hiện của cô công chúa nhỏ có thể thay đổi định kiến nặng nề và vận mệnh của chính minh? 
" "
				    150				" "Sách tiếng Việt" "Manga - Comic" "Comic - Truyện Tranh" "Truyện Tranh Việt Nam" "85.500 đ" "95.000 đ"
https://www.fahasa.com/trang-quynh-t185-nha-su-nua-thang.html https://cdn0.fahasa.com/media/catalog/product/9/7/9786043329278_1.jpg "

					Truyện Tranh Trạng Quỷnh - Tập 185: Nhà Sư Nửa Tháng				" "" "(0 đánh giá)" "null" "
				    Kim Khánh				" "
				    Đồng Nai				" "
				    2022				" "
				    17.5 x 11.5 x 0.6 cm				" "
				    Bìa Mềm				" "
Trạng Quỷnh là một bộ truyện tranh thiếu nhi nhiều tập của Việt Nam, tập truyện đầu tiên mang tên Sao sáng xứ Thanh được Nhà xuất bản Đồng Nai phát hành giữa tháng 6 năm 2003.
Ban đầu tác phẩm được đặt là Trạng Quỳnh (từ tập 1 đến tập 24), còn từ tập 25 trở đi thì đặt tên là Trạng Quỷnh.
Tác phẩm được thực hiện bởi tác giả Kim Khánh.
Truyện lấy bối cảnh vào thời chúa Nguyễn, dưới thời chúa Nguyễn Phúc Khoát, nhưng những sự kiện xảy ra trong truyện không trùng lặp với những sự kiện xảy ra trên thực tế. Tác phẩm này ban đầu kể lại về cuộc đời của Trạng Quỳnh - một người có tính cách trào phúng dân gian Việt Nam. Trong truyện này, Trạng Quỳnh vốn thông minh từ trong bụng mẹ.
Trước khi cậu sinh ra, một lần bà mẹ ra ao giặt đồ, bỗng nhìn thấy một chú vịt, bà mẹ liền ngâm câu thơ, và lập tức có tiếng đối đáp lại trong bụng vịt.
Bà cho rằng đó là điềm lạ, nghĩ rằng bà sẽ sinh ra một quý tử, hiểu biết hơn người, sẽ là người có tiếng tăm. Thời gian trôi qua, bà hạ sinh một bé trai, tư dung thông minh lạ thường, đặt tên là Quỳnh. 
" "
				    120				" "Sách tiếng Việt" "Manga - Comic" "Comic - Truyện Tranh" "Truyện Tranh Việt Nam" "10.800 đ" "12.000 đ"
https://www.fahasa.com/cau-be-rong-tap-29-da-thep-dai-vuong-tai-ban-2020.html https://cdn0.fahasa.com/media/catalog/product/8/9/8935036653833_1.jpg "

					Cậu bé Rồng Tập 29 - Dạ Thép Đại Vương (Tái Bản 2020)				" "" "(0 đánh giá)" "null" "
				    Kim Khánh				" "
				    NXB Kim Đồng				" "
				    2020				" "
				    17.5 x 11.5 cm				" "
				    Bìa Mềm				" "
Cậu bé Rồng là bộ truyện tranh thiếu nhi nhiều tập của Việt nam.
Tác giả Kim Khánh với nét vẽ điêu luyện họa lên câu chuyện vừa vui nhộn vừa mang tính giáo dục. 
Bộ truyện đặc sắc nói về trí thông minh của người Việt, sẽ giúp bạn đọc có những giây phút thư giãn thú vị. 
" "
				    104				" "Sách tiếng Việt" "Manga - Comic" "Comic - Truyện Tranh" "Truyện Tranh Việt Nam" "9.000 đ" "10.000 đ"
https://www.fahasa.com/than-dong-dat-viet-206-trang-nguyen-danh-du.html https://cdn0.fahasa.com/media/catalog/product/i/m/image_143015.jpg "

					Thần Đồng Đất Việt - Tập 206: Trạng Nguyên Danh Dự				" "" "(0 đánh giá)" "null" "
				    Phan Thị				" "
				    NXB Đại Học Sư Phạm				" "
				    2016				" "
				    11 x 18				" "
				    Bìa Mềm				" "
		    Thần Đồng Đất Việt 206 - Trạng Nguyên Danh Dự		    
" "
				    135				" "Sách tiếng Việt" "Manga - Comic" "Comic - Truyện Tranh" "Truyện Tranh Việt Nam" "13.500 đ" "15.000 đ"
https://www.fahasa.com/cau-be-rong-tap-182-tien-nu-ra-tay-tai-ban-2020.html https://cdn0.fahasa.com/media/catalog/product/i/m/image_195509_1_34836_1.jpg "

					Cậu Bé Rồng Tập 182 - Tiên Nữ Ra Tay (Tái Bản 2020)				" "" "(0 đánh giá)" "null" "
				    Kim Khánh				" "
				    NXB Kim Đồng				" "
				    2020				" "
				    17.5 x 11.5 x 0.4 cm				" "
				    Bìa Mềm				" "
Cậu bé Rồng là bộ truyện tranh thiếu nhi nhiều tập của Việt Nam.
Tác giả Kim Khánh với nét vẽ điêu luyện họa lên câu chuyện vừa vui nhộn vừa mang tính giáo dục.
Bộ truyện đặc sắc nói về trí thông minh của người Việt, sẽ giúp bạn đọc có những giây phút thư giãn thú vị. 
" "
				    100				" "Sách tiếng Việt" "Manga - Comic" "Comic - Truyện Tranh" "Truyện Tranh Việt Nam" "9.000 đ" "10.000 đ"
https://www.fahasa.com/cau-be-rong-t251-rong-mat-phep.html https://cdn0.fahasa.com/media/catalog/product/9/7/9786042229067.jpg "

					Cậu Bé Rồng - Tập 251: Rồng Mất Phép				" "" "(0 đánh giá)" "null" "
				    Kim Khánh				" "
				    NXB Đồng Nai				" "
				    2021				" "
				    17.5 x 11.5 x 0.5 cm				" "
				    Bìa Mềm				" "
Cậu bé Rồng là bộ truyện tranh thiếu nhi nhiều tập của Việt Nam.
Tác giả Kim Khánh với nét vẽ điêu luyện họa lên câu chuyện vừa vui nhộn vừa mang tính giáo dục.
Bộ truyện đặc sắc nói về trí thông minh của người Việt, sẽ giúp bạn đọc có những giây phút thư giãn thú vị. 
" "
				    100				" "Sách tiếng Việt" "Manga - Comic" "Comic - Truyện Tranh" "Truyện Tranh Việt Nam" "10.000 đ" "0"
https://www.fahasa.com/trang-quynh-tap-22-van-vo-tranh-hung.html https://cdn0.fahasa.com/media/catalog/product/9/7/9786043631265.jpg "

					Trạng Quỷnh - Tập 22: Văn Võ Tranh Hùng				" "" "(0 đánh giá)" "null" "
				    Kim Khánh				" "
				    Đồng Nai				" "
				    2022				" "
				    17.5 x 11.5 x 0.4 cm				" "
				    Bìa Mềm				" "
Trạng Quỷnh là một bộ truyện tranh thiếu nhi nhiều tập của Việt Nam, tập truyện đầu tiên mang tên Sao sáng xứ Thanh được Nhà xuất bản Đồng Nai phát hành giữa tháng 6 năm 2003.
Ban đầu tác phẩm được đặt là Trạng Quỳnh (từ tập 1 đến tập 24), còn từ tập 25 trở đi thì đặt tên là Trạng Quỷnh.
Tác phẩm được thực hiện bởi tác giả Kim Khánh.
Truyện lấy bối cảnh vào thời chúa Nguyễn, dưới thời chúa Nguyễn Phúc Khoát, nhưng những sự kiện xảy ra trong truyện không trùng lặp với những sự kiện xảy ra trên thực tế. Tác phẩm này ban đầu kể lại về cuộc đời của Trạng Quỳnh - một người có tính cách trào phúng dân gian Việt Nam. Trong truyện này, Trạng Quỳnh vốn thông minh từ trong bụng mẹ.
Trước khi cậu sinh ra, một lần bà mẹ ra ao giặt đồ, bỗng nhìn thấy một chú vịt, bà mẹ liền ngâm câu thơ, và lập tức có tiếng đối đáp lại trong bụng vịt.
Bà cho rằng đó là điềm lạ, nghĩ rằng bà sẽ sinh ra một quý tử, hiểu biết hơn người, sẽ là người có tiếng tăm. Thời gian trôi qua, bà hạ sinh một bé trai, tư dung thông minh lạ thường, đặt tên là Quỳnh. 
" "
				    120				" "Sách tiếng Việt" "Manga - Comic" "Comic - Truyện Tranh" "Truyện Tranh Việt Nam" "13.500 đ" "15.000 đ"
https://www.fahasa.com/cau-be-rong-t190-thanh-bao-kiem.html https://cdn0.fahasa.com/media/catalog/product/i/m/image_195509_1_12569.jpg "

					Cậu Bé Rồng Tập 190 - Thanh Bảo Kiếm				" "" "(0 đánh giá)" "null" "
				    Kim Khánh				" "
				    NXB Kim Đồng				" "
				    2018				" "
				    11.5 x 18 cm				" "
				    Bìa Mềm				" "
Cậu bé Rồng là bộ truyện tranh thiếu nhi nhiều tập của Việt Nam.
Tác giả Kim Khánh với nét vẽ điêu luyện họa lên câu chuyện vừa vui nhộn vừa mang tính giáo dục.
Bộ truyện đặc sắc nói về trí thông minh của người Việt, sẽ giúp bạn đọc có những giây phút thư giãn thú vị. 
" "
				    100				" "Sách tiếng Việt" "Manga - Comic" "Comic - Truyện Tranh" "Truyện Tranh Việt Nam" "7.200 đ" "8.000 đ"
https://www.fahasa.com/cau-be-rong-tap-19-bong-ma-tren-thien-dinh.html https://cdn0.fahasa.com/media/catalog/product/9/7/9786042176316.jpg "

					Cậu bé Rồng Tập 19 - Bóng Ma Trên Thiên Đình				" "" "(0 đánh giá)" "null" "
				    Kim Khánh				" "
				    NXB Kim Đồng				" "
				    2020				" "
				    17.5 x 11.5 cm				" "
				    Bìa Mềm				" "
Cậu bé Rồng là bộ truyện tranh thiếu nhi nhiều tập của Việt nam.
Tác giả Kim Khánh với nét vẽ điêu luyện họa lên câu chuyện vừa vui nhộn vừa mang tính giáo dục. 
Bộ truyện đặc sắc nói về trí thông minh của người Việt, sẽ giúp bạn đọc có những giây phút thư giãn thú vị. 
" "null" "Sách tiếng Việt" "Manga - Comic" "Comic - Truyện Tranh" "Truyện Tranh Việt Nam" "9.000 đ" "10.000 đ"
https://www.fahasa.com/truyen-tranh-trang-quynh-tap-233-quan-thai-y-tuyen-hoc-tro-372117.html https://cdn0.fahasa.com/media/catalog/product/i/m/image_239967.jpg "

					Truyện Tranh Trạng Quỷnh - Tập 233: Quan Thái Y Tuyển Học Trò				" "" "(0 đánh giá)" "null" "
				    Kim Khánh				" "
				    NXB Đồng Nai				" "
				    2020				" "
				    17.5 x 11.5 x 0.5 cm				" "
				    Bìa Mềm				" "
Trạng Quỷnh là một bộ truyện tranh thiếu nhi nhiều tập của Việt Nam, tập truyện đầu tiên mang tên Sao sáng xứ Thanh được Nhà xuất bản Đồng Nai phát hành giữa tháng 6 năm 2003.
Ban đầu tác phẩm được đặt là Trạng Quỳnh (từ tập 1 đến tập 24), còn từ tập 25 trở đi thì đặt tên là Trạng Quỷnh.
Tác phẩm được thực hiện bởi tác giả Kim Khánh.
Truyện lấy bối cảnh vào thời chúa Nguyễn, dưới thời chúa Nguyễn Phúc Khoát, nhưng những sự kiện xảy ra trong truyện không trùng lặp với những sự kiện xảy ra trên thực tế. Tác phẩm này ban đầu kể lại về cuộc đời của Trạng Quỳnh - một người có tính cách trào phúng dân gian Việt Nam. Trong truyện này, Trạng Quỳnh vốn thông minh từ trong bụng mẹ.
Trước khi cậu sinh ra, một lần bà mẹ ra ao giặt đồ, bỗng nhìn thấy một chú vịt, bà mẹ liền ngâm câu thơ, và lập tức có tiếng đối đáp lại trong bụng vịt.
Bà cho rằng đó là điềm lạ, nghĩ rằng bà sẽ sinh ra một quý tử, hiểu biết hơn người, sẽ là người có tiếng tăm. Thời gian trôi qua, bà hạ sinh một bé trai, tư dung thông minh lạ thường, đặt tên là Quỳnh. 
" "
				    100				" "Sách tiếng Việt" "Manga - Comic" "Comic - Truyện Tranh" "Truyện Tranh Việt Nam" "10.800 đ" "12.000 đ"
